## RankNet
## Epochs = 190
## No. of features = 46
## No. of hidden layers = 1
## Layer 1: 13 neurons
1 2 3 4 5 6 7 8 9 10 11 12 13 14 15 16 17 18 19 20 21 22 23 24 25 26 27 28 29 30 31 32 33 34 35 36 37 38 39 40 41 42 43 44 45 46
1
13
0 0 0.14238768276139505 0.3027302709891104 -0.15235947024257881 -0.1779091756943732 -0.014849918302784145 0.2522799947819687 -0.12110188427219509 -0.26256147898035287 0.08929381936375674 -0.1471911881928548 -0.020578781875142903 -0.0641122237370383 0.07523455518567829
0 1 0.04469787859145677 0.10361458189748395 -0.027196707636074412 -1.23648192462125E-4 -0.09068878617258032 0.15102811644799263 -0.12410020931050364 -0.017239717760058275 -0.01761175731806121 0.0044199741743014085 -0.0657651547245081 -0.04991040629976606 0.05456129089647418
0 2 0.1013282541944473 0.10986324386496843 -0.12205188782224147 -0.06597292319216128 -0.006436369258653702 0.03634090394151388 -0.11128846326389426 -0.15551956811556122 -0.036052946739198344 -0.09587829703821747 -0.04392173684859899 0.02158938950725451 0.0847223319971206
0 3 0.11747480513197636 0.07292964995407274 -0.09365400877045496 0.016919669868206356 -0.05251836807476885 0.057236778979063936 -0.05423747045628865 -0.014135866002264765 0.05094324658236977 -0.05929713755970858 0.056541907004548066 -0.057765865344759824 -0.011590998933998158
0 4 0.03126966525356981 0.15343276769892378 -0.21605250643575022 -0.2017438231877277 0.018213095248965232 0.17020073971004857 -9.708037896376727E-4 -0.226471036809801 -0.0369035447304751 -0.15003501648166798 -0.14092270605620152 -0.2028531540237117 0.14035453021503214
0 5 -0.009759724140167236 -0.04638899490237236 0.01614086702466011 -0.004460531286895275 0.06167737394571304 -0.09636853635311127 -1.008987455861643E-4 -0.06611540913581848 -0.07908417284488678 0.08018314838409424 -0.05281073972582817 -0.02970995381474495 -0.07229433208703995
0 6 -0.04456573724746704 -0.07054783403873444 -0.041272204369306564 0.07812303304672241 0.018123144283890724 -0.011347693391144276 0.0483209490776062 -0.008375364355742931 -0.003211295697838068 0.06109432131052017 0.09958472847938538 0.0197389367967844 -0.00840114988386631
0 7 0.07399428635835648 0.07712219655513763 0.03333016112446785 0.008110696449875832 0.010655248537659645 0.04434303566813469 0.0291170421987772 -0.048107314854860306 0.02052491344511509 0.014619886875152588 -0.015538918785750866 0.05083848163485527 -0.06710661947727203
0 8 -0.019498366862535477 -0.027866220101714134 -0.012928050942718983 -0.07415272295475006 -0.08295340836048126 -0.04019097238779068 -0.028678858652710915 0.07894741743803024 -0.08870682865381241 0.08541152626276016 -0.018051624298095703 0.014825415797531605 0.06131216883659363
0 9 -0.0651724711060524 0.0853438749909401 0.009233331307768822 -0.06852953135967255 0.09744353592395782 -0.08567153662443161 0.07592570036649704 0.09245423972606659 0.09326879680156708 -0.03035978600382805 -2.9770733090117574E-4 0.009929907508194447 -0.07619022578001022
0 10 0.05154743546097708 0.17312107177941297 -0.2735879538819732 -0.2613257868954142 -0.0643902490524621 0.20340104032935052 -0.12121420984153088 -0.2537916236689886 -0.018110496581026155 -0.23427416678493934 -0.12053630957917578 -0.21142047491076638 0.21502942076752604
0 11 0.05738977249800391 0.15367654204726167 -0.18205584151563156 -0.05688341187496986 0.07939010197292665 0.09507546094214141 -0.12896064537028445 -0.15992711231587622 -0.08526976597940299 -0.07534348717054402 -0.1240473261648689 0.004410597456205026 0.09831337890965211
0 12 0.0713090862002409 -0.02807362567312441 -0.010027595233944555 -0.032392189786536955 0.0553938518923402 0.05833263829650855 0.05174258191677807 -0.0024233399814750163 -0.07477728312404354 -0.11518297374897461 -0.08751584289594894 -0.054253796747000795 0.12144224361271835
0 13 -0.035239854028079734 0.008624523305615767 -0.0414569182496443 -0.11755828803685865 0.07803992715363614 0.15121139288885863 -0.04227764323866992 -0.09562786008693883 0.036678627396086 -0.1307397230783413 -0.032135470669705984 -0.11846319238478693 0.002959421024898781
0 14 -0.01251153012803522 0.31206425268070426 -0.17187955433599347 -0.2564321933918052 -0.06570742282881159 0.06697805657766802 -0.09367541993433112 -0.23903146797625066 0.09099259630034472 -0.14401808431099108 -0.10294321744060753 -0.16838378130761567 0.1779539941270159
0 15 0.07633858827472628 0.05749316864911236 -0.20188239059731256 -0.2113150622157166 0.029767926019470363 0.04208124780094556 0.04076377055027092 -0.19971287737166973 0.057312233090090564 -0.09416880809491035 -0.09524901762090072 -0.0520077772097551 0.023438283713547326
0 16 -0.012875851368313367 0.036340511308013426 -0.04862258587136522 -0.08765033103231792 -0.05325005786529824 0.11016343562612006 -0.012895722310935756 -0.0979010827845031 -0.03862029468899403 -0.05899630966293062 -0.011444417010313622 -0.005329365431301807 -0.061240488670570664
0 17 -0.12490740376858535 -0.14688890268484472 0.09886619103959046 0.07057246428039184 0.0041191061759680405 -0.05344521362564587 0.044842091927860005 0.05473658823539897 0.05581080200956271 0.03669380986638097 0.09979593606468601 0.10767443847060809 -0.10751615025512552
0 18 -0.06438332589107167 -0.3057717064598706 0.22258725881816158 0.22721617743279574 -0.05606636871498979 -0.1612913308899596 -0.018141110896087408 0.21598842328299733 0.07239281032032721 0.009616853786556514 0.0277402754152561 0.013360073794579954 -0.19782551066004211
0 19 -0.03204596791632314 0.13216165321500156 -0.13197446078459454 -0.13181447912836822 -0.022308707037587076 0.018582620755067294 -0.03506130875371755 -0.10215898165127694 0.019873488643578154 -0.028329698625135565 -0.07697293838675079 -0.034032625902869595 0.12102486755115514
0 20 0.1051620541428146 0.5319128273862709 -0.41619661003469255 -0.5236325424136312 -0.1180791491060897 0.3575273099031153 -0.23178095748121774 -0.41505244792541124 -0.08641464622763283 -0.3852814129375449 -0.18353557823168606 -0.39364081559154196 0.38425626881157277
0 21 0.10324870494768063 0.5950852175567649 -0.45269490490488257 -0.45241518666543745 -0.08818057131086399 0.44879593926246325 -0.1928039011065514 -0.4929907148815106 -0.001055406905533668 -0.4547510072598029 -0.23911918455429124 -0.4482639464316364 0.4443007729969612
0 22 0.2990915887323181 1.0807383838684834 -0.7808896171826957 -0.8356929656901533 -0.1003173149143232 0.7718128045588535 -0.24135221627230505 -0.8230012643264103 -0.013134559488099612 -0.549095233851874 -0.4041061926039847 -0.6668560748965788 0.6147746833244738
0 23 0.19352630705105864 0.7219414357263024 -0.5562624752587847 -0.47923129316225577 -0.04069524798241043 0.4871849617123536 -0.20839880577975378 -0.521808373684189 -0.10856377075418214 -0.3380270513701484 -0.21957482702409106 -0.5039362242780566 0.419518488404165
0 24 0.10057764330961609 0.12523525989613532 -0.11272235445305069 -0.17080434004631925 0.04945229252267846 0.03877094027005989 -0.10514603204618482 -0.1055893050076574 -7.268754589962373E-4 -0.07927077550621921 -0.14354521677096327 -0.1606786201333451 0.16974233216491533
0 25 0.05082888837854954 0.19386294380516972 -0.202070000493466 -0.23586125030071578 -0.020116961137711213 0.1284477675678957 0.02480411019441387 -0.17659850301730848 0.0033115324056083497 -0.07268928281743653 -0.1605665480286104 -0.16420698395158556 0.08716587428578776
0 26 0.06792769615076368 0.13160014410491028 -0.1888956488753488 -0.11512618475042705 0.015765275424936553 0.1484702119195523 -0.011137271516162794 -0.05352665750592882 0.08680874038743135 -0.1978824201120637 -0.04318023234382969 -0.1952970414491149 0.14885755515519478
0 27 -0.043839560119862106 0.15542310414307167 -0.04485646783104215 -0.12689376057848828 -0.09254490868417747 0.07949722926339113 -0.019499604644496224 -0.14388527453211714 -0.02868570760936967 -0.13457793847295615 -0.13044753037628828 -0.0992096233567809 0.14082514392109927
0 28 -0.05689075052758716 0.04358189327071652 -0.04400062698449034 -0.09719317854135019 -0.08234718549269605 -0.012586450245789495 0.010318704796639102 0.03467955614446584 -0.03206198301249898 -0.06482909795623693 -0.0738548736054327 -0.10354674299293606 -0.03623919157427745
0 29 0.028333155761111804 6.731069210884964E-4 -0.1293423088385787 -0.038857071610875475 0.08395689205067255 9.6143968339207E-4 -0.059198573438739265 -0.08728966822484152 -0.02788898743260555 -0.08149858088561336 -0.05007522875632683 -0.13587727262724877 0.04701671082352758
0 30 0.046880942311438425 0.03254876379795475 -0.147738906096104 -0.1324956818608452 -0.044962735163181125 0.08158965391844535 0.0461866005795811 -0.06491960533036752 -0.07669099994337075 -0.15803607760885743 0.016608360072403763 -0.0389659025744896 0.09674311906376254
0 31 -0.02610012511141373 0.08414963668888983 -0.13117762934953905 -0.1885146374815539 0.018144860992632496 0.15060107316904134 0.00275354690829407 -0.11733313507855808 0.08687029988276007 -0.13268611151727905 -0.03569010812716275 0.0015842539175313275 0.022683125636986785
0 32 0.03542632223124837 0.042356158481557056 -0.04167798343874855 -0.1485869776588474 -0.0442406904500159 0.1473902818564903 -0.08789002819507274 -0.01160812393314857 -0.07826609496175495 -0.10976777940987016 -0.07309135961461712 -0.08444712347752137 0.0339676833567344
0 33 -0.04984124180266788 0.08427079799059216 0.010482849577908506 -0.12155765640196199 -0.09842795746099539 0.10798972877183774 -0.09200769814072972 -0.09632320043062886 0.03463113210038611 0.02216451832210528 0.04053268023358901 -0.016390582783664412 0.06634814276760832
0 34 -0.05160672778692078 0.013240038337610173 -0.0697558072999689 -0.01610156636893746 -0.016680263813571874 0.1403558308284267 -0.07855343087141024 -0.0459269511910717 -0.08875279669393984 -0.06772729515118975 -0.08281891200354202 0.03305757391368169 0.12379220686580816
0 35 0.022694923301695237 0.09051073073046381 -0.12162622183647777 -0.061512291418164645 -0.09651657305563566 0.03345584933241836 0.041922783562097186 -0.05940493231239657 -0.009823668080472437 0.01032443843969487 0.05251470745629411 -0.0058625588327427675 0.04241258316493533
0 36 0.07017063033291505 0.43267733052268587 -0.4717335776002263 -0.3881043034923934 -0.043470024795396536 0.4075015724507255 -0.23121835095006427 -0.4218698034475908 0.019745572834598685 -0.2667453695884683 -0.14970994989693623 -0.4132011785958433 0.3931165489538839
0 37 0.18467194428155861 0.6951236772688618 -0.4864774328150112 -0.5181210857381461 -0.031028303796557955 0.40677820266362563 -0.2238301186532577 -0.49382975685571356 -0.07566708477172865 -0.3525152427160106 -0.3080607794996232 -0.3556232039267572 0.46262126891922695
0 38 0.2792839784101611 1.0081078045847973 -0.7692447143599049 -0.7139839532594962 -0.06441631947663494 0.6230340375926076 -0.2239444537039919 -0.7046686634990941 -0.12333214243747866 -0.6692095157672301 -0.40036571141957417 -0.6120379614301664 0.7187021126588107
0 39 0.24236792256233064 0.7339439422115603 -0.6550806552591587 -0.5597968895686682 0.01672234994416265 0.47720277197832367 -0.2490910801074748 -0.5613071466908117 0.053810092108529245 -0.4407961078961889 -0.34001485800336817 -0.5524465103893641 0.44956140026163277
0 40 -0.10819377227754869 -0.049797855169463084 0.1156641813306814 0.1051340052677117 0.0747185979832836 0.017287208931293385 -0.07351153836084351 0.021873738582707462 0.07666975064844751 -0.04115472302686745 0.025536909437598825 -0.040197282572469475 -0.034919612822470476
0 41 -0.0767418647693673 -0.06476767349251128 -0.07517580126229784 0.0427709478724428 -0.08300256493125499 0.007976220296223207 0.07960362920667848 0.10855168426636658 -0.020016607008028153 -0.02533952539553862 0.03677994228998568 -6.137013062388124E-4 3.7624480698462216E-4
0 42 0.08563585127459833 -0.10707848419492429 0.05055477807462344 -0.0013279820502432394 0.06341406093212916 -0.07136591632322088 -0.03543934172873461 -0.0032242432235790592 0.08093262703425558 0.05301593758047771 0.08754290320449248 0.06428836422105245 -0.04305069196565529
0 43 -0.025951960886118047 -0.1683511015147524 0.07030945670704583 0.12525660821503742 -0.058860042352660694 -0.05378292242793254 0.05555173446547368 -0.020775309290800924 -0.029704606601362673 0.1438878983863055 -0.0013751170770914677 -0.029961324249845833 -0.056760916413754
0 44 -0.019622527639660766 -0.16529114044694837 0.1245407046215035 0.12019520070675489 -0.07919188121947006 -0.05667312311515612 0.0843497259272174 0.043570207988474496 0.042745935624793334 0.1712590847096565 0.0750913375364733 0.010745745631688416 -0.03332560168473473
0 45 -0.02387810747025853 -0.06951328330266564 0.06860411791980131 0.03592037015563808 -0.08626396316567646 0.013260326821418358 -0.045572657738679696 0.06835433798326798 -0.05952516276293312 0.08478248802709844 0.09165831591757283 -0.07183128343539004 -0.07123268058999524
0 46 -0.0818000345823122 -0.2512547278163132 0.1470503401419861 0.1079608477210213 0.09897335288513681 -0.17979612950744428 -0.008009354454441458 0.10116843756172854 -0.01789428231492769 0.03099495106291966 -0.015736278220741987 -0.0019995674390853833 -0.11076732547421873 -0.38521554773190153
1 0 0.48998559818563003
1 1 1.5199224609501762
1 2 -1.397879175906199
1 3 -1.381429278666475
1 4 -0.2866921609132754
1 5 1.127055722797916
1 6 -0.7156416815906853
1 7 -1.3406123823815015
1 8 -0.22637705065711736
1 9 -1.15415998163936
1 10 -0.884647434039407
1 11 -1.17307975875058
1 12 1.0979032819166787
