solver_type AVLTREE
nr_class 2
nr_feature 45
w
-102120.2274459376 
-116428.2035962054 
-67867.49314066717 
-73702.30464852706 
0 
0 
0 
-92647.01463774766 
-100812.9927152871 
-139287.3368951561 
-127055.6809523835 
-154588.4567559738 
-138503.0829622892 
-128105.8772520384 
-128236.9472612647 
-36210.6743929678 
-46296.81748862565 
-18671.0011418139 
-19260.21271353246 
0 
0 
0 
-18774.0227629661 
-34671.14328680139 
-29719.95464290358 
-33319.97302603847 
-28581.8883339921 
-33744.14920702799 
-30035.62809592853 
-28369.99708725786 
-54248.62968147788 
-77658.14235071557 
-53631.84652452987 
-56933.64673649262 
0 
0 
0 
-75247.44898529639 
-54280.01436834934 
-97633.73814746173 
-102119.6717749614 
-98215.93906887181 
-97693.39175759697 
-100122.628191193 
-95987.41823927325 
