2753369576243.4687000000
3288846658578.6558000000
3060596656417.1099000000
2820853370909.6021000000
2767067641825.7480000000
3005340998524.3999000000
2858911683070.5601000000
3196579714763.8696000000
2771897800907.1836000000
2900009998058.1406000000
3175078292454.6040000000
2630692946393.9429000000
2949652780167.3101000000
2722993037166.7197000000
2404629642493.6802000000
2562171256928.4492000000
2312113656552.6943000000
2571795543344.4580000000
1967810104690.2388000000
2586191374897.7085000000
2626626089055.0684000000
3037091590234.7480000000
2518270214713.7842000000
2358187317308.4741000000
2270851724128.1323000000
2881464452969.8564000000
2845878838159.0586000000
2521890008758.9736000000
2686718515932.1079000000
3171157011321.9277000000
2390387051824.4189000000
2407561249179.3667000000
2715056801044.6943000000
2562611958159.5703000000
1989007976281.8318000000
3104777845433.6265000000
2832063060088.9570000000
1411790351915.5591000000
2610842640576.3779000000
2385185499536.3716000000
2060584828531.0581000000
2680244398115.8677000000
2600452836858.0869000000
2663738165111.1528000000
2171606538284.4077000000
2828985292642.2202000000
2728796587038.4917000000
1367130773868.9397000000
2289433678235.7187000000
2567048609999.1812000000
2321808353591.2461000000
2443463191663.8184000000
2674604309333.7583000000
2610655025260.5986000000
2468808534359.8994000000
2679880635725.2007000000
2421482356976.5391000000
2281976157375.5522000000
2439427037466.7480000000
1604319194982.4426000000
2306657544944.2461000000
2629187977852.9565000000
2356080037926.5845000000
2242544800230.4551000000
2596329311029.4502000000
2309070022007.1816000000
2159328402999.1973000000
2722960761806.2881000000
2550747703555.4956000000
2303412171699.0098000000
1358287496390.0864000000
2306030845490.5830000000
2545913282852.8555000000
2274373918794.8452000000
2887451374363.7153000000
2358570315304.1089000000
2601640386431.6885000000
2339807798182.4077000000
2280490678413.4570000000
1308888478627.2712000000
2296521074039.5869000000
1469670954207.7620000000
2237855496714.2383000000
1284321438312.6519000000
2754999104930.5571000000
2341584468070.5464000000
2424710899859.6924000000
2234505451799.6328000000
2409132130323.7461000000
2179697657283.7100000000
2392696863354.2109000000
2272620884472.4531000000
2390386146674.0937000000
2071432592219.3672000000
1265338317312.0068000000
2006572053734.2173000000
2179505430677.8647000000
2095247577135.6211000000
2142857557043.4373000000
2253569705146.7461000000
2026819325403.6670000000
2150954144745.6802000000
2082055941877.1985000000
2156650879899.2229000000
2188441402831.3940000000
2261077898627.9429000000
2345267754726.1348000000
2524438069063.0298000000
2433711203648.8906000000
2125396979567.9248000000
2038962914431.5908000000
2221547914538.2441000000
2183057886929.0430000000
2249108952175.5859000000
2309551885045.9692000000
2309943463918.3574000000
2355746799424.2100000000
2067107502328.4514000000
2116613947339.9375000000
1947299442492.2231000000
2339535452887.6240000000
1686037627022.1943000000
2040165369635.9019000000
2339870847806.1978000000
2242525643785.9497000000
1962573243602.4282000000
2246938065461.1108000000
2542624932409.1328000000
2116661490239.8628000000
2068310157047.1838000000
2092994686856.4487000000
1928667345332.8887000000
1101012320520.5093000000
1062514923793.2474000000
2343711101579.2012000000
1940695049613.5833000000
1934051549882.0583000000
2096758169181.3247000000
1841266617162.1292000000
1998981142651.4062000000
994177172827.8387500000
2249017233049.2661000000
1532993313862.9824000000
2071096978621.4546000000
1059100327008.3060000000
1439871004740.0068000000
2004582446264.3608000000
980904683225.0158700000
1001430140257.5200000000
2017589117944.9888000000
1787851808340.9028000000
1102694561107.0994000000
1872836482738.0493000000
961580138697.9084500000
2065663971676.9500000000
1493850453836.8181000000
1432236000833.4014000000
1944230790260.8159000000
1016140998200.3506000000
2000998804839.8662000000
1914244696000.3779000000
1029582283022.6344000000
988300578519.4232200000
1914487824040.5652000000
965991405995.3081100000
1299555294427.0085000000
977079997006.9808300000
816644923357.9361600000
1589679438615.9729000000
1383404537020.9700000000
1206788521010.2825000000
1367103282649.6277000000
1483973137378.4358000000
1369788546094.1426000000
845011398989.4243200000
1486488833542.4321000000
612835575751.9758300000
999606788303.5173300000
242604013159.9290500000
0.0000000000
3098380519536.9687000000
2978228853965.3345000000
3200098624260.2446000000
2810807743322.5249000000
2822614575516.6636000000
1652390482259.1133000000
2625744010553.0054000000
2644959539856.3276000000
2210759613862.5903000000
2572611783154.4639000000
3207661878582.0605000000
2594555188705.9414000000
2301301466886.0972000000
2839751889373.2324000000
2824566514484.6519000000
1759129558346.3708000000
3053880805736.3418000000
2630076765402.4844000000
2623517239528.9717000000
2685173095378.1763000000
2909879071547.6445000000
1966448503723.8091000000
2549908965684.5757000000
2078140419692.8142000000
2689070102807.0947000000
2541292548586.1333000000
2503101981358.8418000000
2767685783702.9521000000
2608198036143.3721000000
2488732895153.8677000000
2617403109954.7773000000
2428260435972.3232000000
2443526676677.6641000000
2181819098814.9871000000
2416386060535.6411000000
2477205653127.6777000000
2647005938188.8589000000
1271767195802.1543000000
1278513631557.6787000000
2536533563358.2808000000
2536192634328.6455000000
2496898466098.0972000000
2325053092860.7954000000
1817513634509.0100000000
2362723976196.8008000000
2188781363299.4612000000
2188781363299.4612000000
1485572851377.6189000000
1750188338874.7334000000
1193514717075.3396000000
2003108830265.4287000000
1193903244873.8286000000
1935939102741.1770000000
2450332374857.9390000000
1171486213707.6904000000
2061438190487.4937000000
2346893574639.5615000000
2138401068439.0303000000
2219072993546.2466000000
1129904075472.2634000000
1089279476659.3450000000
1094336241718.2371000000
1044380690647.2476000000
1766621571770.4690000000
1049664806357.0145000000
1574435478022.0940000000
1651391563979.4084000000
1427941367635.6499000000
1100321887960.8413000000
1682915313959.5923000000
2345750813851.6631000000
2263254812694.8516000000
1600165508353.0071000000
1018084977575.5292000000
2004023327661.9023000000
1580994264024.1658000000
1684963923045.3745000000
1376280444589.3435000000
2212685830452.9082000000
1015414096470.3746000000
2242738636577.5435000000
1042756882773.4426000000
1656146994465.9836000000
1711183399987.3831000000
1736017595987.3149000000
941756235364.9600800000
934585867317.5078100000
962871450904.0986300000
1534928588314.6021000000
908030640625.5462600000
968437827782.9653300000
1746137713911.2754000000
873041300641.0378400000
1450273255765.7144000000
1388559264750.2217000000
1453394159660.9333000000
1277333168398.0481000000
914348223073.2946800000
902061485540.3638900000
803818609167.8399700000
804512092587.4375000000
1494890003271.8931000000
784996203676.4250500000
773477787836.3205600000
1452439396361.7283000000
749876880746.3175000000
800129488680.4608200000
1045625445903.8601000000
999183584207.2026400000
705691408371.9543500000
701484041167.1346400000
690282179673.8814700000
692756726962.8499800000
689305869728.1981200000
1341700734284.5608000000
1450644490604.1167000000
1560748432848.3052000000
1142887042436.5054000000
1198336489703.0078000000
598331690852.9835200000
593507907749.7575700000
1422994825748.2104000000
975948249988.5644500000
520101457073.1891500000
367613233767.6456300000
394507764768.0463900000
237884183175.9991100000
574573406502.6718700000
217200267929.4170500000
0.0000000000
0.0000000000
3055251462838.8848000000
3528369605210.5361000000
2917479883726.2676000000
2749276815618.0518000000
2170434905048.7646000000
3117637398679.6699000000
2777433965823.0312000000
2778497114185.8462000000
2408902538094.3511000000
1582332179944.9993000000
2861275663588.6162000000
2640597542942.5801000000
2277432826599.6553000000
2386044718262.7334000000
2459896258299.2876000000
2068306186309.1787000000
2162363139433.7261000000
1909457902473.1472000000
1485797513477.7896000000
2340077243988.1206000000
2135886630983.1936000000
2231085939269.0771000000
1718721146778.2451000000
1902208425879.4141000000
2198297259367.4932000000
2345018819518.2803000000
1617818242280.3860000000
2401375434524.0503000000
1645430389962.3027000000
1866899808865.1079000000
1888403916977.6995000000
2239154003303.5356000000
2325078767851.3755000000
1184181120068.0278000000
2219056694116.1855000000
1595151629105.2832000000
1497398164395.1382000000
2018713710960.8875000000
1946787401385.9548000000
2148414793561.9060000000
2042439267903.2700000000
1844424606641.9180000000
1120515044118.3574000000
1928791343631.6431000000
1829206941285.9197000000
1114646201895.0945000000
2303696667121.7695000000
1059286493301.1608000000
2155660751326.0879000000
1417902554115.3367000000
1969278464284.6406000000
1057101083197.0409000000
952128297300.3118900000
1785217826463.2195000000
1454581801127.5171000000
1090094707353.5283000000
1649414310356.6672000000
1950005947802.0605000000
1688066825343.9546000000
1947343801335.0740000000
1484108388018.1470000000
1945563648000.9426000000
955168013900.0328400000
1054153761587.2783000000
1969222633183.2217000000
1344750240149.9109000000
1954752142959.1038000000
1708531207230.6116000000
1887559076143.6121000000
1343284733396.6370000000
1394760845908.1040000000
1751009229520.5984000000
1738711827314.3608000000
1616218014160.5908000000
1788811733687.9460000000
973804581249.4176000000
1277345326432.4424000000
1277345326432.4424000000
1613468357685.5491000000
1783885234372.4009000000
1172564624970.7385000000
1620215470355.7910000000
849742873750.0710400000
1615455979385.6091000000
1329891390555.2170000000
910204628228.0141600000
1467075976777.2185000000
1767347558000.6648000000
1659446010382.0583000000
1624358610000.6853000000
1736575173307.6150000000
1184818790394.1531000000
1338781367010.0139000000
1657620405159.1748000000
1693760620177.3604000000
874243267430.0007300000
1526624701165.7393000000
1614962425660.0283000000
1297685813506.1104000000
1665843657678.2195000000
803048405799.6451400000
1511546561837.6375000000
1353250913048.2871000000
1545373364190.2549000000
1229886630953.2407000000
753943781915.7611100000
1277410724070.6555000000
1543712325333.8406000000
677228205380.3328900000
1378521057749.3384000000
720233670599.0210000000
1507801606489.4097000000
696247834763.6784700000
1283758572628.4094000000
766779608739.6059600000
711483603746.1600300000
1396403747852.3066000000
984184752848.6030300000
673919757304.1610100000
650509011723.5997300000
665367390456.4519000000
648793882926.9273700000
1470207190938.1868000000
1142184598621.6311000000
599874375785.7056900000
1261230710918.4795000000
624353656666.5435800000
1050754463958.4513000000
573045798091.7066700000
595459832598.5408900000
832690012465.5798300000
594535578515.4530000000
1072377521557.8451000000
558579496763.8309300000
895322531091.1568600000
1280361429091.1875000000
535857647527.7761800000
954161807020.9841300000
830566119372.3924600000
462050642713.7573900000
762986161479.5579800000
760060669059.2971200000
437382108326.8144500000
449561802611.3520500000
771826381891.2783200000
762109584129.2633100000
472973014709.6957400000
812301523405.4655800000
418988870396.8130500000
409083841779.3844000000
362760456661.6525900000
283552868772.4637500000
698216801094.8814700000
571916140355.5389400000
270502325224.7573900000
490619573964.6536300000
243749095099.9537700000
443115282451.7218600000
443115282451.7218600000
675681311284.1073000000
316762612583.9195600000
239533003762.1898800000
468656943367.9010600000
324125822008.2251000000
239386413191.3724700000
469939761680.0899000000
271644978258.2458800000
232744564610.9174800000
230788601025.3227200000
219240848265.5325300000
427380842774.4906000000
209526281437.7688900000
212050490139.4259600000
156050957286.1758400000
194891904167.4427200000
193789920265.9050600000
190045142162.0714400000
168057196555.3516800000
166055700991.5250200000
168218549778.1873800000
443609179339.7282700000
104587289300.0244000000
98020401441.9692540000
101284598905.4033700000
77728325835.8849950000
65978574018.0851140000
0.0000000000
0.0000000000
0.0000000000
0.0000000000
0.0000000000
0.0000000000
0.0000000000
0.0000000000
0.0000000000
0.0000000000
0.0000000000
0.0000000000
0.0000000000
0.0000000000
0.0000000000
0.0000000000
0.0000000000
0.0000000000
0.0000000000
1715626295495.1277000000
2292218083424.4536000000
2774849588691.0239000000
3182025547839.8555000000
2654877599721.8501000000
2654877599721.8501000000
3200427437389.8384000000
3032487175059.7090000000
2556962365064.6050000000
2556962365064.6050000000
3041721605616.6050000000
2474780760917.8428000000
2497408775148.7158000000
3087865321672.5586000000
3173034130789.3091000000
1585598482090.8535000000
2312961778484.2271000000
2444815728130.6162000000
3040724818106.9907000000
3110243686882.1367000000
2994290765959.8896000000
2549605829961.4448000000
2179401386209.8040000000
2687522196848.6289000000
2307101671002.8384000000
2194545885651.7051000000
2902704101325.8530000000
2107222243038.8320000000
2256917092223.5396000000
1409082098874.2986000000
1419318727836.1094000000
1896361058910.4119000000
1541448552156.6731000000
2845755816756.6206000000
2822241589163.5303000000
2457177908797.2275000000
2694695092175.0200000000
2174343583868.1384000000
2750771530088.0620000000
2704514747456.7378000000
2935096990101.5332000000
2169730630134.5364000000
2678837341799.1733000000
2135647650578.5828000000
2221642299873.3955000000
1361318155249.7839000000
2057995056659.1707000000
2060421333304.0476000000
2176406347411.2244000000
2245142259093.4141000000
2562258758535.5913000000
2433783798865.3022000000
2241905904313.7490000000
1236647749418.5181000000
2170833540578.1648000000
1956225596444.1165000000
1244758582979.5823000000
2624118874394.5947000000
1989580688885.0127000000
2549910777577.7241000000
1774125463118.6897000000
1186057437256.6025000000
1954722447151.7158000000
1674421479159.7927000000
2069907185321.7832000000
2105672558266.8738000000
2002287341041.4023000000
1962205939071.1951000000
1163712089680.2092000000
1849489644721.7339000000
1882997847038.2144000000
1111826039747.3787000000
1089251284589.7147000000
1746463205126.1052000000
1165723704246.6189000000
1055687054682.4648000000
2007445112630.9368000000
1861796122854.1113000000
2100655837957.1082000000
1011910520884.6013000000
1602962258049.1812000000
1973321823742.1938000000
980103671059.5279500000
1922872539621.9282000000
1725200636340.2920000000
973091051248.3281200000
1428906491575.5132000000
1347987708398.4365000000
1340888432541.5525000000
2087952122342.6145000000
1977994135721.4822000000
953811049618.1103500000
1080367407435.5322000000
865224663764.1881100000
1371576003668.4092000000
1551272385800.3086000000
1730065728763.1289000000
1632790734276.0996000000
1577247344391.4329000000
1577247344391.4329000000
1765791591503.0867000000
1471833515615.2107000000
1471833515615.2107000000
1471833515615.2107000000
1392792760139.9922000000
1392792760139.9922000000
1392792760139.9922000000
1392792760139.9922000000
1330233656134.5654000000
1235348993210.8196000000
1544094719797.5107000000
814663616452.6400100000
1503302472159.8936000000
1474452076210.9253000000
1352380127548.4121000000
1496748870001.2671000000
1147541837842.1426000000
2051111047156.8831000000
754732062957.5720200000
1403495068200.6851000000
1334942547353.0181000000
1531656133225.1641000000
1431070221584.7280000000
1257330535197.7954000000
629539414343.2760000000
668872359573.6597900000
1260377567378.1042000000
607050346594.4864500000
590211242607.2611100000
779117202106.2465800000
494328341501.2077600000
492799856525.0078700000
486038475251.0082400000
860434377039.1682100000
465794824299.8102400000
412649210133.8901400000
676222534408.5783700000
446116389682.5948500000
67138194771.7037510000
0.0000000000
0.0000000000
0.0000000000
0.0000000000
0.0000000000
0.0000000000
3240961011081.9199000000
3679471370364.4927000000
3267972812482.1919000000
3096071987025.7236000000
2264222826658.5400000000
2217641667447.1968000000
3554277106790.9062000000
1486898307830.0981000000
3185091859019.4780000000
1938621960939.1814000000
3002032075292.8369000000
1440907491760.8127000000
2978639953994.1636000000
1426407043233.3555000000
2892280314420.1851000000
3055561906164.7480000000
3086162892457.1685000000
2829641109884.0146000000
2763072699094.9619000000
2950490218298.6953000000
2677469366119.3311000000
3082208510623.9248000000
2083280648180.7654000000
2872166154011.8652000000
2954088749939.5991000000
2853279998256.8091000000
2850418824573.8149000000
2709459826111.2881000000
1326419400715.1794000000
2881039071923.9868000000
2739529110003.0273000000
2698332003234.6069000000
2673126889390.3662000000
2673126889390.3662000000
1287944776216.2046000000
2769676403832.4834000000
1273858811724.2742000000
2527658146009.5269000000
2527658146009.5269000000
2527658146009.5269000000
2527658146009.5269000000
2527658146009.5269000000
2393286727758.3003000000
2717447770642.6172000000
2417265882768.1035000000
1860869532782.1279000000
2329000591410.4551000000
2329000591410.4551000000
1266396802651.9124000000
1230857948359.6536000000
2633696272915.6064000000
2255816332120.2002000000
2185432411066.0110000000
2193501418788.1748000000
2193501418788.1748000000
1242838184952.3938000000
2911057703762.8579000000
2581391751579.9390000000
2884038190908.4541000000
2503715601617.2729000000
2420886688741.1343000000
2503190821695.5010000000
2467882446600.6445000000
2462800205912.7241000000
1190493111554.7024000000
2542769124358.2974000000
1171660461615.1355000000
1247246074591.1929000000
1861142345922.1094000000
1246606840745.0386000000
1603781656692.5537000000
1605094198891.4006000000
1091109573689.1609000000
2643019231181.7925000000
1879769987861.0168000000
2354175634522.7466000000
2752069497537.4277000000
1660856109273.3687000000
1745203136350.6497000000
1093446315965.2146000000
1057887268092.0781000000
1124792286376.0425000000
1703190397161.9756000000
1071905931704.5963000000
1055232765844.6932000000
1651552630071.7927000000
1050820277205.3970000000
1622909229842.7139000000
1810430770843.2705000000
1822546227989.6611000000
1476076394283.6072000000
982529173990.2630600000
1608963278014.2563000000
969151941592.7847900000
2217057442447.8032000000
985213590158.7753900000
1532656619291.5071000000
1005494075215.8502000000
950087231646.2520800000
998410695357.0598100000
913898208372.4879200000
1073011259138.6897000000
1565353732423.6301000000
891959047114.2189900000
878056751761.2219200000
833753510312.9019800000
818132284628.2981000000
810544019111.5484600000
830806757932.0854500000
823416757130.0048800000
797491529533.8326400000
1730420588439.0845000000
799678461244.6696800000
1852839797585.2019000000
1648586595307.9102000000
773368548438.9721700000
1586096048431.1895000000
750952476647.3463100000
809085362712.3580300000
1508042782065.2119000000
715400970014.4604500000
1370958232558.1382000000
1235674423808.7461000000
714840603338.5301500000
802892299590.0595700000
1280200927386.7009000000
1140219916036.2498000000
692773334455.7808800000
686316253826.5318600000
664916491153.5495600000
746787241480.6292700000
1227565687255.1221000000
677197994172.6055900000
652359663869.5894800000
645260239784.9083300000
560837394838.6484400000
616811268306.1406200000
1243408899853.4355000000
1233037146754.3977000000
1327908579924.2288000000
548488779025.6787700000
581248336118.0902100000
580598384347.3051800000
1094447341427.1053000000
659312965038.8335000000
555311243478.5905800000
481546811549.8724400000
1230115110504.1990000000
446740130328.5398600000
512048413320.1946400000
509147468495.7930900000
386014982192.8067000000
821523744506.7258300000
411523942029.9441500000
340282663251.2849100000
882827810133.8106700000
296551297408.7462200000
293161209144.4494000000
312633327975.6785900000
272975295826.4640200000
303924801822.7121000000
224497717382.5055800000
220815738494.3343800000
698709142261.0617700000
0.0000000000
0.0000000000
0.0000000000
0.0000000000
0.0000000000
0.0000000000
0.0000000000
0.0000000000
1857480661798.4434000000
1749102236408.2849000000
2914421951605.0986000000
3064444067471.2168000000
2757389439381.5806000000
2944590763424.3418000000
2891771209746.2363000000
1452886625768.2810000000
2857994868794.6719000000
3152745606784.3550000000
2802916006245.5708000000
2713228660363.8945000000
2293293518036.4097000000
2640778012759.2476000000
2748263912470.6245000000
2789742968288.5845000000
2770962518722.8149000000
2662409541342.5918000000
2813350009956.4897000000
2544697091141.8364000000
2539935706177.3604000000
2708932647904.6230000000
2443118340574.6748000000
2132727506524.7153000000
2657975630878.2671000000
2612593603191.1592000000
2593493853807.0273000000
2787947731907.0903000000
2595140327116.5269000000
1986282650744.6077000000
2228219826410.3203000000
2372508694745.3589000000
2488010025400.2412000000
2666882187909.9165000000
2599774753478.4287000000
2390593650139.7412000000
2116822378615.7341000000
2355824954185.0161000000
1831018904512.7612000000
2399151763444.2368000000
1923636046674.1233000000
2355407338709.1196000000
2395431435988.8662000000
2207302241079.6626000000
2281014740052.1074000000
2547995682300.6245000000
2246160964406.0479000000
2592137314615.1021000000
1854216284391.7512000000
2572678909340.8916000000
2230295252603.5483000000
2230295252603.5483000000
2432106886970.0977000000
2645123759325.3047000000
2541190476774.1978000000
2367387654032.9927000000
2388576455048.8428000000
2116567638730.9185000000
1742297453128.8816000000
2390400152244.0674000000
1950278571427.0752000000
2568413980156.0122000000
2251410727594.3652000000
2509823409627.1523000000
1952780148996.6609000000
1290554074341.5835000000
2241158444928.8672000000
2590089395910.9009000000
2435804545831.1636000000
1224363198715.9497000000
2551090828582.0752000000
1834970707607.6284000000
1903130133751.9282000000
1272452739098.9124000000
2021601364808.2852000000
2173147105546.8462000000
1893704292496.0364000000
2339772519914.9375000000
1787533050676.2148000000
1225833072602.0781000000
1869257191577.3140000000
2119745853778.2332000000
1751712135395.1943000000
2321897248015.2065000000
1844392379990.8997000000
1219616824406.8867000000
1884852804974.9810000000
2194275993307.1733000000
1610618045963.4141000000
2287579687996.4883000000
1787690717861.9204000000
1766171475801.4275000000
2013087555927.8049000000
2184123391267.3816000000
1718880628578.4207000000
2105977773322.9006000000
1167043467054.0474000000
1816894721936.2812000000
2247327907615.2930000000
1944868837102.3589000000
2412205971801.1187000000
1671881053940.9277000000
2389465043288.6450000000
1475181653152.8879000000
2312414752959.8789000000
2237214759314.0801000000
1498135769876.1897000000
1966965027971.7065000000
1786994411818.6348000000
1516151202269.9214000000
2314370514848.9229000000
1431285144993.6152000000
1035062011269.9764000000
1034120604041.0909000000
1873353708864.9331000000
1620272513395.8286000000
1021886551433.3979000000
1600633565569.4351000000
2001690427869.1150000000
977360440212.2602500000
1483521435287.1831000000
1075402804280.0947000000
2169407637570.2778000000
1452561927844.0547000000
1462453905610.0020000000
1007223626366.1705000000
1460406402865.7620000000
1545259899053.2830000000
1472888814627.7280000000
1014153720984.8170000000
1732264363763.0073000000
1613041925200.7412000000
1867825347474.9583000000
2146074094606.0596000000
939213810085.6876200000
1799951619316.3347000000
951348198636.8354500000
1426551747369.8918000000
941783576769.9836400000
1413432886956.8940000000
1836012780685.1252000000
1474122520833.5613000000
1455471607336.6982000000
1925768523505.1934000000
1220697970258.8708000000
1841389114912.6777000000
1531405798364.2524000000
1578968596920.6492000000
1813267303072.3608000000
1742474022848.6143000000
1378182102143.7214000000
882216267241.8895300000
1492634777222.0803000000
1531181072578.4810000000
1080262443717.3990000000
887622204695.7086200000
838569424355.1489300000
1576995979630.5522000000
1673594258140.5134000000
850849359896.6088900000
1257390021048.1301000000
1521479672158.1733000000
1583126224112.8420000000
809937132207.4281000000
1512796515064.7358000000
1246262256148.9536000000
1437132890056.2888000000
805697861485.4428700000
1271879395635.1377000000
1290653810788.4802000000
1432379978758.5295000000
1347826202905.7524000000
834422734395.9460400000
862094068663.1942100000
1200702103045.1279000000
824750346313.3241000000
1304184273168.1257000000
776768394819.2970000000
804194339314.7283900000
1105731884696.2947000000
1239362175949.9194000000
792886910783.3692600000
1276267839893.3308000000
1195405834925.2021000000
1133923519247.6553000000
760449933789.6286600000
1471306565237.2739000000
702690503814.3829300000
706765736434.9259000000
735056797731.1223100000
978291792921.7622100000
1229851202648.9912000000
927169846986.5207500000
690930768925.9061300000
1194248731556.7808000000
679650299302.8769500000
680035627469.3868400000
670244744465.7252200000
672110526207.2930900000
643240421435.4794900000
703283581184.1029100000
640574142395.3187300000
1044190750182.7223000000
1413885426756.3428000000
577372339417.5062300000
693574211883.4329800000
1134152858890.2598000000
965218379361.6178000000
624354511674.4233400000
1074079707250.1873000000
539557429203.2177100000
520907120977.2880200000
596010320876.9022200000
1222151553721.0244000000
602641204050.9477500000
963774117683.3269000000
916497764761.9152800000
992311623186.4774200000
562629555584.8588900000
552152344632.2685500000
567327621540.9899900000
895400013593.6678500000
428694310589.7403000000
905422824656.3657200000
793986250634.7978500000
866534140371.8826900000
757370117116.0664100000
390846933854.4607500000
392352650198.0646400000
401552842807.3248300000
378688273122.4658800000
355085249224.1058300000
349907461661.0943000000
326577664842.7439000000
310757245469.5032300000
306661970883.8054800000
309195483719.7894900000
299767630777.4303600000
264550027205.8617600000
231696077129.1569500000
188966422816.7120700000
156753324253.3848900000
0.0000000000
0.0000000000
0.0000000000
0.0000000000
0.0000000000
0.0000000000
0.0000000000
0.0000000000
0.0000000000
0.0000000000
0.0000000000
0.0000000000
0.0000000000
0.0000000000
0.0000000000
0.0000000000
0.0000000000
0.0000000000
0.0000000000
0.0000000000
3120609225084.9824000000
2546399603044.7144000000
2419721759239.9175000000
3314342255614.8389000000
2937107545333.0781000000
2644122211267.6870000000
1676697583713.6887000000
2953258130281.5342000000
2508128806413.8418000000
1801243105590.7947000000
2466770376308.8110000000
2500039807741.5356000000
2687733943972.0210000000
2731440321757.6768000000
2456088457669.0220000000
2241053116680.4116000000
3004377843318.9243000000
2970547119406.3677000000
2718688935186.4976000000
1998011980845.4150000000
2451522982365.6763000000
2395224335779.1606000000
2635092751393.8638000000
2008862356927.2581000000
2633275741069.2646000000
2965467299478.6704000000
2635043365292.9478000000
2632789741564.1401000000
2727876665844.5254000000
1966344863753.3635000000
2489394685724.2505000000
2692220516219.2729000000
2431232883624.8716000000
2446505840967.5317000000
2166222396915.7661000000
2488608631394.3589000000
2529305520831.8164000000
2392350326382.2051000000
1850811994563.6445000000
2580133370735.1240000000
2707027369479.9307000000
2379572729897.0112000000
2322047634387.3682000000
2667379566016.8936000000
2380154026128.8276000000
2632494926401.1777000000
2096719087688.9873000000
2673052038157.2549000000
2504826465087.6602000000
2487859445016.4741000000
2506876845586.1021000000
2360474151922.2808000000
2296620540996.7070000000
1958393606866.9092000000
2146133406670.8945000000
1827733738544.0679000000
2510563740078.6084000000
2611337473053.8628000000
2499951873798.8887000000
2412215633211.7339000000
1260057565174.3987000000
1975041387646.4460000000
2281125531929.9155000000
1294053798024.6475000000
1957414871726.2080000000
2514684010479.5273000000
1996741979863.0957000000
2070587434024.2390000000
2262031482817.1772000000
1894106789583.7263000000
2273275741081.7207000000
2194758078188.6233000000
2068923454112.1956000000
2238601991266.2227000000
2176188305427.8787000000
2101527374930.2781000000
2054692917305.4116000000
2066672044522.6550000000
2201279725722.8091000000
1932910770324.1545000000
2173945233390.3608000000
2018744613528.7896000000
1714802219659.1033000000
1830885485256.9590000000
2138532699745.7515000000
2017941388173.7349000000
2147426542345.0146000000
2041896755066.6743000000
2152243959234.4238000000
1903000188687.1335000000
1819944863882.4814000000
1903207627383.0693000000
1651596692895.3296000000
1974974247149.6836000000
1830311910955.2483000000
1895148175103.4421000000
1874329365061.8657000000
1778122223134.6296000000
1655336372100.3008000000
1822793948082.0476000000
1656059174045.1702000000
1069754631631.8441000000
1669753522819.9248000000
449937081097.2226600000
259362041979.1920200000
37520453651.7768480000
1804208304.4326234000
1804208304.4326234000
1804208304.4326234000
3692184590688.2012000000
2325202457305.0469000000
2325202457305.0469000000
2325202457305.0469000000
2325202457305.0469000000
2325202457305.0469000000
2262860581228.8794000000
2901669218341.4761000000
2208610387653.7646000000
2208610387653.7646000000
2118026755938.9221000000
2890269559818.7891000000
2647089291435.3423000000
3010867615784.2603000000
3044769748797.1514000000
2263821015501.1855000000
2901271985286.2393000000
2253009450697.8726000000
2273332321899.2256000000
2343683466224.0122000000
1852694343705.1577000000
2343748266829.7690000000
1785204586446.0767000000
2410912235490.4756000000
1551576811787.3359000000
2022950029006.8586000000
1923369642824.9207000000
1541805443787.0073000000
1260729242023.4702000000
2486707320785.8789000000
2276620125376.8960000000
1669375286101.3865000000
2141633924115.1016000000
2127239820873.6929000000
2072182414414.7900000000
2430150379115.3247000000
1826180769413.5166000000
1590164587759.5271000000
2202458293406.1753000000
1395795275010.7122000000
1373404526737.1672000000
2186235948922.3728000000
1950795883495.4656000000
1594668987713.6309000000
1842645486420.9736000000
1378798631323.7468000000
1362630820097.5181000000
1375171363618.2983000000
902143053267.1619900000
1312310159807.8103000000
1748561386269.5867000000
1162884799507.6421000000
1176818593352.3242000000
1027929091080.0571000000
1196809894261.9546000000
1056462844884.8339000000
1244772152404.5037000000
1115085671853.2063000000
846635917298.8491200000
1138202540636.8840000000
904383387840.0197800000
854072060737.7259500000
916523600161.0067100000
790502978653.9240700000
593500672581.5039100000
553473163780.4361600000
1047275680070.4034000000
877897058919.2534200000
594810833993.4331100000
925965791736.7451200000
772112751688.5046400000
979985987605.2312000000
722547598843.9060100000
536113447725.9795500000
878278252828.7052000000
487610236998.7246700000
489429303196.6527100000
759622976548.6012000000
458545162565.8901400000
454257825008.0542600000
423799984434.2252800000
729583083068.2655000000
759394689633.2871100000
450078344142.6534400000
696763296873.2756300000
670766806603.9259000000
443395219382.9549600000
413240881547.8765900000
368034372481.3267800000
367747492601.5863000000
415443057945.0783700000
361260770786.9541600000
665539238986.2310800000
687724285743.7639200000
597448522617.1252400000
357617505257.1805400000
379865626419.3751200000
575397822623.2124000000
348284704034.9906000000
344793515831.8731100000
350728762126.9146100000
313139235724.7746600000
524453768877.1821900000
573553361306.7448700000
275285167246.3664600000
532026537212.5705600000
313157811850.9266400000
316889414430.2202800000
318715883491.5432700000
270852140736.6232900000
299433947707.2008100000
500929764760.8223900000
295564309628.9364000000
285161203831.1320200000
310006132504.8460700000
480669234332.7990700000
225194801494.0191700000
228359737216.0730300000
164328730730.4135400000
429931067756.9245600000
240519256881.3325500000
214791939879.2989200000
191929265505.2735900000
171408094544.8074600000
155764999823.4118700000
142611637616.9774800000
149687610278.1734600000
130649219606.5797000000
132784820930.5232100000
141896306224.2181400000
112029229917.6014700000
90541382907.2698060000
89785841508.4290310000
94955068424.3162990000
79696104423.7444610000
70174426453.0447390000
69737999210.1119080000
64629837728.4032290000
58985977901.7227710000
62657760389.3166350000
54716259316.0218510000
51464720138.6547470000
51415813749.8798830000
47027074201.5747070000
48970802504.5057980000
37071070114.8975680000
29340730513.9335100000
29340730513.9335100000
29340730513.9335100000
29340730513.9335100000
29340730513.9335100000
29340730513.9335100000
29340730513.9335100000
29340730513.9335100000
29340730513.9335100000
29340730513.9335100000
29340730513.9335100000
29340730513.9335100000
29340730513.9335100000
29340730513.9335100000
29340730513.9335100000
29340730513.9335100000
29340730513.9335100000
29340730513.9335100000
29340730513.9335100000
29340730513.9335100000
29340730513.9335100000
2194445624535.5669000000
1603929526650.5732000000
2086589854224.9937000000
2572740829346.9014000000
2029444072839.2400000000
2362827541797.4912000000
1919866597297.6230000000
1526000850350.1499000000
2456914174678.3989000000
1623456929640.4495000000
2018505868981.9961000000
2085688219043.4348000000
2932382184221.7842000000
1869667742006.9629000000
1498405309838.4880000000
1403166997246.2681000000
1817849286667.3572000000
1389540783874.6467000000
2001206170116.2900000000
1256069438579.6243000000
1705928495471.8813000000
2074074583710.5261000000
2693709686015.7402000000
1189400445053.3997000000
1957127335416.9570000000
1502995478351.4839000000
1189135204160.6492000000
1170898569949.2498000000
2726311601069.7163000000
2351767902279.5996000000
1857810694566.9561000000
2049807207129.3989000000
2016223491606.3936000000
2032807242650.0095000000
2071210787017.4436000000
2067468826263.2019000000
2352963731839.0757000000
2043527200859.1553000000
1980811395357.0017000000
2409388629784.3359000000
2188811627430.5393000000
1059947397990.6727000000
1185401626413.3437000000
2200236269151.4561000000
1891491924790.1997000000
1162693690335.4875000000
1121112249200.3066000000
1747989336616.1831000000
2254632491538.6172000000
1135334356510.1304000000
1850492421638.2690000000
1803804767377.1863000000
1917739136469.5537000000
1027355367068.3115000000
1852512112787.9343000000
987694724112.6805400000
1051961699098.4209000000
1015416140295.4391000000
1806043710426.2676000000
1693483795477.1125000000
1636455800826.5996000000
1627247043940.0627000000
1749294795548.7893000000
918868987262.0158700000
1710100786313.9446000000
1657121849761.7808000000
963450922521.8945300000
1604269129648.5503000000
1354737959449.9707000000
1950132460747.7544000000
1494529394522.4077000000
1275148002176.0244000000
1275148002176.0244000000
892005295796.5819100000
1521555017164.4512000000
1184667428211.7500000000
1136343236698.0308000000
828186534139.2539100000
1114726115457.1946000000
1241798734493.3259000000
1284675050276.1392000000
1264171876814.1594000000
722567448547.6025400000
724673353920.2399900000
813240906302.2379200000
720692793952.0965600000
696092170252.0850800000
1385883200737.8887000000
1241526243197.0249000000
677295496148.2089800000
1300410212844.3276000000
650671577794.8161600000
639415718720.9194300000
647817658397.9383500000
716723035100.5017100000
583241150245.0737300000
549880592490.0566400000
522390927819.6346400000
550303678354.6020500000
1062770294285.2585000000
640198741705.1066900000
1639820262540.7080000000
482263360053.4743700000
473645769021.3001700000
453978060501.0055500000
458319072690.9724100000
439085932977.3403900000
429438150943.4130200000
771614605651.1384300000
404913973798.4257200000
393190819598.6109600000
376066689882.9162000000
374796911707.3223900000
355889133333.0686600000
355183554851.9025900000
351693057667.9696000000
340139686697.7984000000
685320618401.8890400000
907122806374.1716300000
344585340225.5477300000
305037618198.6568600000
309759824255.3472300000
290084648513.2535400000
261993357151.3827500000
180325505928.3476000000
505445248213.7572600000
0.0000000000
0.0000000000
0.0000000000
0.0000000000
0.0000000000
0.0000000000
0.0000000000
0.0000000000
0.0000000000
0.0000000000
0.0000000000
0.0000000000
0.0000000000
0.0000000000
0.0000000000
0.0000000000
0.0000000000
0.0000000000
0.0000000000
0.0000000000
0.0000000000
0.0000000000
0.0000000000
0.0000000000
0.0000000000
0.0000000000
0.0000000000
0.0000000000
0.0000000000
0.0000000000
0.0000000000
0.0000000000
0.0000000000
3808523393105.4609000000
2368172901652.4897000000
2618914025357.6963000000
3046114938610.1606000000
1521342233411.1521000000
3206622491613.7627000000
2896896798508.0635000000
3301997118777.0981000000
1587363814275.8406000000
3386198195351.2822000000
2888603999166.9888000000
2402986396003.7290000000
2778711082997.1060000000
1428226565011.3894000000
2074571895483.4331000000
1795115358378.7754000000
1355840805552.2256000000
2609210527559.1504000000
947015811171.7911400000
914715942549.7063000000
1426048454840.0203000000
1712720750799.8076000000
1501105051311.5759000000
1595319914507.7449000000
1730768244373.0586000000
879721831033.1245100000
857468305013.7667200000
944163821566.7636700000
1520231104141.2666000000
914060174189.8217800000
1551433831713.9944000000
1524428438430.4998000000
1424782944646.0483000000
1420479549995.3374000000
848103415826.6899400000
1340034012630.1760000000
1455737603043.6943000000
1426531605111.8213000000
1450234070379.2725000000
1320198441085.3162000000
779944427659.9327400000
1303798387082.7900000000
1359180951650.1946000000
774165658937.8690200000
1260239510943.7754000000
1384322349168.4253000000
1274715102293.9824000000
1128013449348.8472000000
1128013449348.8472000000
1128013449348.8472000000
745766712557.9049100000
1039552922750.9375000000
1166892842421.6624000000
1334077801848.3547000000
973724370385.3402100000
1239249736990.0474000000
726632528659.5931400000
788984737001.5532200000
1229947232498.1165000000
687723338318.5352800000
1124867001735.6509000000
1282031504082.3696000000
746427592072.7214400000
656807030535.2313200000
636473097597.6123000000
1198856554212.8821000000
600767023232.3503400000
621234250116.7861300000
581525484755.4487300000
581450773374.4342000000
676209120182.8512000000
541923402042.2642200000
1115798881708.4470000000
540695108748.1734000000
554514196974.1921400000
1154325627563.1963000000
541362932253.9342700000
503463597276.8247100000
501563193685.4328000000
570302234858.5662800000
511985770204.6762100000
561351908536.7507300000
465299535449.1853600000
456515561169.0365000000
394025479101.0043900000
394832349556.1391600000
391590444867.6492900000
366036881953.4144300000
360151721109.6189000000
357723976957.6727900000
398179022431.0274000000
405037028997.3475300000
343303195437.0404700000
396581782776.2825300000
291105298744.7240600000
810016559641.2198500000
255571823067.7940400000
240391118346.9714700000
197656193221.9149800000
164177051018.0423900000
103718615915.6386400000
0.0000000000
0.0000000000
0.0000000000
0.0000000000
0.0000000000
0.0000000000
0.0000000000
0.0000000000
0.0000000000
0.0000000000
0.0000000000
0.0000000000
0.0000000000
0.0000000000
0.0000000000
0.0000000000
0.0000000000
0.0000000000
0.0000000000
0.0000000000
0.0000000000
0.0000000000
0.0000000000
0.0000000000
0.0000000000
0.0000000000
0.0000000000
0.0000000000
3623133313629.9263000000
2954325529887.4756000000
3153509244273.7178000000
2219486443407.6763000000
2732660840209.1968000000
3077352501039.4023000000
2953542725222.0537000000
2727592981572.8335000000
2727592981572.8335000000
2727592981572.8335000000
2727592981572.8335000000
2561790594372.8516000000
2561790594372.8516000000
1977847493532.8538000000
2437482663140.6758000000
2437482663140.6758000000
2437482663140.6758000000
2437482663140.6758000000
3067053915139.5063000000
2239280168465.2881000000
2673135355167.3750000000
2789699118881.1582000000
2658628886540.9370000000
2189908354646.8862000000
2189908354646.8862000000
2189908354646.8862000000
2130936724743.3184000000
2130936724743.3184000000
2794634008258.9458000000
2598801924404.9653000000
2778906864612.5840000000
2502674737646.6743000000
2033156435553.9580000000
2033156435553.9580000000
1913191638623.3547000000
2585565487106.2456000000
1950655223255.8740000000
1912695447031.2007000000
2867939480473.7837000000
2671877114580.6089000000
1888153826400.0232000000
2578321589534.0264000000
1872142282343.6184000000
1935859802148.7971000000
2475333662811.8833000000
2535737687454.3223000000
2878337957618.0859000000
2709046112989.5029000000
2494583008737.3687000000
2592570888442.5352000000
2421978251265.1587000000
2723574027493.4814000000
2516215717648.7109000000
2723723366363.8965000000
2476625855041.6060000000
1730652033520.1982000000
2525925318741.1831000000
1766519472840.7388000000
2349061146930.0576000000
2456822371731.6396000000
2495231989481.8442000000
1287906950413.6169000000
2598672125862.2588000000
2569509462694.1016000000
1865152109661.6277000000
1958209488909.0798000000
2819251836185.3110000000
2370947050072.5347000000
2303111557235.9204000000
1177986717135.3801000000
1757072102363.7227000000
2344637192138.1460000000
2710246931951.9351000000
2321340568554.8188000000
2469875195580.5244000000
2116225300150.3672000000
2530714226090.4341000000
2168714538827.2400000000
2504098855626.0073000000
1942675800775.7402000000
2509533580723.2886000000
2259497681176.4258000000
2530004299142.2153000000
1490563595294.2361000000
1587826846209.4500000000
2198165416775.2212000000
2011722299161.2168000000
2254728318703.6602000000
2326875741245.1450000000
1600946613062.5273000000
1441195489111.2502000000
2275244847689.3921000000
1550290457672.5703000000
2081020213837.8062000000
1095074433661.6991000000
2294349341018.3481000000
2301374326331.0649000000
991152542282.8540000000
1076401434572.7700000000
1648717571100.7966000000
1850599171990.5632000000
903823011535.9753400000
1995533594840.8899000000
1475266904095.1494000000
2056435998215.9922000000
883938005640.4639900000
895952751472.8216600000
1798605226573.8210000000
1169712497041.0015000000
1396377391962.1052000000
1641219419872.1821000000
1438532641811.5073000000
1467226779208.6323000000
1268472570315.9265000000
1328266346591.0896000000
746476613558.1796900000
1259541690656.8403000000
1300991842655.1077000000
1207405881450.1650000000
1125807819363.1106000000
1247757160310.5723000000
1061554983712.5564000000
1061554983712.5564000000
1010245629996.6735000000
931425822876.8588900000
931425822876.8588900000
658187760787.2828400000
871904399021.4519000000
871904399021.4519000000
1198571881763.1289000000
1123603923222.8191000000
1930997761082.2090000000
1159977897679.2334000000
797588799580.5650600000
1217941004441.7537000000
1044685110802.7158000000
1106301787914.9570000000
749899519235.0081800000
1248295858864.4912000000
991081706056.8415500000
816899604393.5145300000
1802709368120.7722000000
931503525549.6125500000
1000510430092.4133000000
1009292524424.2283000000
979697631685.2922400000
1052308512805.7921000000
1025306502733.0826000000
1098829605970.2070000000
1002486338187.7812000000
1071230636325.0096000000
1089643723894.8258000000
1020357958979.3916000000
1118270224766.8232000000
1067221450445.6345000000
619498364072.6055900000
1101531245665.8567000000
504944782775.2941900000
634655099878.2647700000
491696998800.9157100000
1011714564398.8134000000
993264898855.0747100000
470010493823.6386100000
835169852978.4451900000
430956659359.9370100000
824629683820.1036400000
442400421659.2337000000
398837971562.9707600000
368109616226.0130600000
428244467169.3198200000
693061460408.8393600000
676437094191.9672900000
297069287480.6065700000
305571415082.0754400000
320332464010.7651400000
286889053633.6446500000
261685674038.8056900000
262531242928.9738500000
258233350080.1044000000
224149403432.9798600000
220606953669.2156400000
219352565237.5520000000
175368339268.9438500000
160160226374.3210100000
118625378096.9891400000
0.0000000000
0.0000000000
0.0000000000
0.0000000000
0.0000000000
0.0000000000
0.0000000000
0.0000000000
0.0000000000
0.0000000000
0.0000000000
0.0000000000
0.0000000000
0.0000000000
0.0000000000
0.0000000000
0.0000000000
0.0000000000
0.0000000000
0.0000000000
0.0000000000
0.0000000000
0.0000000000
0.0000000000
0.0000000000
0.0000000000
0.0000000000
0.0000000000
0.0000000000
0.0000000000
0.0000000000
0.0000000000
0.0000000000
0.0000000000
0.0000000000
0.0000000000
0.0000000000
0.0000000000
0.0000000000
0.0000000000
0.0000000000
0.0000000000
0.0000000000
0.0000000000
0.0000000000
0.0000000000
0.0000000000
0.0000000000
0.0000000000
0.0000000000
0.0000000000
0.0000000000
0.0000000000
0.0000000000
0.0000000000
0.0000000000
3230776442482.9844000000
2619340753921.5332000000
1735157792102.1143000000
3307790738924.2402000000
2868343118370.7158000000
3006009470285.5937000000
3154705900641.9019000000
2591653758426.5439000000
1500906055284.7563000000
3057244960376.8530000000
2726803773931.1084000000
3015195483922.9438000000
2959447601473.5591000000
3017523379385.0835000000
2451675322106.0928000000
2910968202666.3477000000
2803764721422.9727000000
2766769141569.6050000000
2611505805697.2700000000
2875148086294.6382000000
2600193826167.3906000000
2196508969154.2981000000
2542269784142.3882000000
2902980743151.8394000000
2475936886221.1182000000
2475936886221.1182000000
2475936886221.1182000000
2475936886221.1182000000
2475936886221.1182000000
2475936886221.1182000000
2475936886221.1182000000
2475936886221.1182000000
2378069577949.1069000000
2378069577949.1069000000
2378069577949.1069000000
2680137814296.5664000000
2298003108454.5298000000
2298003108454.5298000000
2294814319174.9326000000
2747096589863.0518000000
2230643449636.1733000000
2230643449636.1733000000
2230643449636.1733000000
2230643449636.1733000000
2230643449636.1733000000
1769014545431.2629000000
2971570591224.7944000000
2457661655932.6357000000
2654516878114.1025000000
2172746199458.0305000000
2172746199458.0305000000
2172746199458.0305000000
2172746199458.0305000000
2170226235930.5137000000
2122134252596.2720000000
2586694004328.1094000000
2723175774556.1157000000
2077282282981.6560000000
2077282282981.6560000000
2077282282981.6560000000
1773641671366.4634000000
2726035186815.0513000000
2769648261953.9272000000
2642812749190.8286000000
2491558799442.4170000000
2568603308860.5483000000
2511428292741.5483000000
2673103671586.2808000000
2342159012528.5415000000
2746580081936.9561000000
2863490707541.9175000000
2018599738842.5679000000
2806391120983.8291000000
1782645135019.0457000000
2642285297310.4546000000
1984516107808.3333000000
2455539944428.2808000000
1644616526662.3679000000
1882843159054.6865000000
2492846558277.3218000000
2692214553461.9526000000
2625337121108.2314000000
2602489814653.7100000000
2031441829192.3564000000
2673810034546.5220000000
2554211851768.7637000000
2374324227625.5937000000
2602897886205.6528000000
2826627452054.2178000000
2417750832169.0073000000
1281558785672.4915000000
2417586560250.9712000000
3183616423386.1431000000
2510174222327.2866000000
1341299366142.0310000000
2340906981274.5181000000
2726849969563.7202000000
2674677535032.4014000000
2338135820406.4502000000
2493472738267.4604000000
1235563572089.6475000000
2241592090895.2495000000
2597648574901.5093000000
2365826275935.5625000000
1651713811205.3862000000
2538363178061.1235000000
2438516116340.8926000000
2351440250976.4038000000
1499994459855.6707000000
2544625242830.0098000000
1194677025779.1440000000
1199863802463.0757000000
2503253434099.8481000000
2488335257378.9604000000
2523807869094.4897000000
1517844415352.2666000000
2682554276983.7031000000
2682554276983.7031000000
2226230363301.9365000000
1191730134432.6440000000
2384856919292.0537000000
2224020952576.0518000000
2450999754822.5518000000
2128008058498.9849000000
2229778757769.0029000000
2493191910287.1128000000
2138849084549.1855000000
1150280616817.2607000000
2171012810720.4531000000
1929755667499.0608000000
1813100518787.3550000000
1854556578236.4067000000
1529130295503.3555000000
1849963511734.8081000000
2367041911784.2026000000
1792811493980.4368000000
1792811493980.4368000000
1792811493980.4368000000
1740684320485.8975000000
1740684320485.8975000000
1740684320485.8975000000
2094007453124.3359000000
2590014027377.1870000000
1095039939784.0084000000
1103857290676.7170000000
1695731596182.5134000000
1695731596182.5134000000
2292778634985.3477000000
2369039294002.1797000000
2291032736607.5112000000
1656311077137.5439000000
2348119196387.2993000000
1494714708317.4592000000
1106781791665.4224000000
1976354961373.8413000000
1530838987586.2375000000
2196690312288.2805000000
2040056258416.1104000000
2241984566430.2373000000
1957972032336.1282000000
1957972032336.1282000000
2217290735717.9053000000
2298206486464.6343000000
2065529587229.5942000000
1863854604657.1072000000
1863854604657.1072000000
1380291046097.4844000000
1789533199868.9226000000
2463435057059.0786000000
2634739526642.4268000000
1728571619655.4932000000
2226597218029.1646000000
1677152850292.1008000000
1400815948259.9023000000
1027432754428.7145000000
1002613409713.4413000000
2495575504241.7090000000
1348578814877.3335000000
1594017764697.7000000000
2176200985167.4297000000
2074247949141.5342000000
1274891876459.4033000000
1757589505761.7034000000
1367164916678.5610000000
2243573711810.8496000000
1288243743313.2678000000
2089662147015.1235000000
1998762614955.0742000000
2211555653097.7808000000
980352053089.3283700000
1263811214255.3147000000
1374906581923.9563000000
1850982007292.9294000000
2038653720947.1382000000
969769825755.9185800000
2271693915905.1450000000
2277505159676.7783000000
2261642375963.7832000000
1001114521734.1974000000
918477497161.0822800000
924745086933.4592300000
2134669698637.9922000000
935875416994.8858600000
1475700682235.9463000000
1228832896119.4041000000
931679968404.3420400000
1964430759429.4614000000
900614343543.6008300000
2201892227562.7090000000
841741850560.9694800000
868355910698.2468300000
1514585634058.6572000000
845455178448.1201200000
1705675203594.9419000000
897241393886.2686800000
865725840796.2755100000
831826002067.9841300000
1247121883769.9082000000
1576764159428.5942000000
1104446476718.5901000000
787543276880.1799300000
785503256723.7594000000
1436845253659.9602000000
798669278906.8236100000
781879899978.4318800000
785373675383.7198500000
794382625722.2790500000
759627729943.5924100000
1376294133213.3054000000
740902049408.0612800000
1573768734878.4509000000
1628323969734.4028000000
956156066647.2539100000
710974934929.9577600000
948861860729.1119400000
715835122241.9356700000
699430980894.2402300000
683979273643.2052000000
690033570297.6688200000
625224096862.6972700000
841837305297.1096200000
834010467068.5178200000
773276576604.6378200000
630653930089.9576400000
617844282396.1872600000
481011442800.4108900000
421411341250.9154100000
775650642067.1228000000
748010388451.9726600000
689587649516.8252000000
628633623364.7850300000
759202615453.3186000000
694827383677.3625500000
694827383677.3625500000
694827383677.3625500000
694827383677.3625500000
649614792390.8575400000
649614792390.8575400000
649614792390.8575400000
649614792390.8575400000
368095726685.5827600000
615078220312.5968000000
615078220312.5968000000
615078220312.5968000000
587234713102.7648900000
563936304893.9746100000
563936304893.9746100000
526327184698.5922200000
526327184698.5922200000
496497702340.0510900000
640772444412.7520800000
315687107463.2111800000
474230716597.6595500000
463013260845.6271400000
253130203925.8807100000
173954026747.2979100000
112388188516.7359000000
0.0000000000
0.0000000000
0.0000000000
0.0000000000
0.0000000000
0.0000000000
0.0000000000
0.0000000000
0.0000000000
0.0000000000
0.0000000000
2993480900219.1689000000
3428524119310.5161000000
3036294805521.7681000000
1508354654331.4292000000
2186905579079.4402000000
2780693600308.7817000000
2800999709744.3281000000
2982852258072.7534000000
2272806310725.8149000000
2847358482020.8955000000
2176067441769.2046000000
2601527412329.6040000000
2601527412329.6040000000
2591489054775.9927000000
2496506463278.6743000000
2496506463278.6743000000
1607263468694.9116000000
1279531927413.1028000000
2283616584719.0479000000
2283616584719.0479000000
1275537072210.3398000000
1458890694129.7373000000
1289817726735.0642000000
1247365225614.8035000000
1178485194639.1970000000
2323111291747.0151000000
2098119367101.6548000000
1066240323780.7966000000
1070134130585.8370000000
977784560133.3870800000
1963464965423.9841000000
818542823940.4697300000
924445141435.2523200000
1046773757337.1289000000
844334784019.6709000000
1917560889838.7949000000
1813858691652.0149000000
1872217381670.2791000000
1705992785492.5215000000
1549522875818.7332000000
778015917852.6762700000
792520146363.4172400000
1975868644885.9287000000
1575193178588.7539000000
1788912632748.7285000000
1016869350398.4233000000
749223972882.5261200000
776948308707.9880400000
1659731260290.5110000000
1645998544878.0933000000
1861426884324.9341000000
1872809285939.3093000000
1006498723914.4309000000
1422380517572.6287000000
754956979617.0577400000
1620088527275.7744000000
1491861789613.7581000000
1439100432024.4519000000
691529724830.9211400000
1522755042794.1562000000
1504624643200.0537000000
658901893045.6655300000
721428500299.8908700000
672198112456.2739300000
639638579649.5858200000
1707189365539.0940000000
623063027181.2321800000
685087849867.7629400000
612210305350.9377400000
1478786587677.7505000000
642712329917.7774700000
634822965709.6495400000
1572204470661.4111000000
1449407411986.7009000000
1411844061374.1328000000
558283096749.0279500000
1836579528515.6731000000
1427293910881.9507000000
1424268114444.5386000000
532276135914.9786400000
549112259622.0871600000
1472430685494.3589000000
666084225290.7645300000
1335573729630.0576000000
494183941560.9431800000
1325231830980.1050000000
494970007828.5000600000
489212064679.9010000000
480875125377.3610800000
479950370575.1504500000
460483763633.2849700000
461168261276.4043600000
473880817604.9844400000
472614112020.3536400000
454791166754.2919300000
425133142499.2479200000
438637768558.2575700000
409609062161.9155900000
412959365233.2851000000
1163828123369.1787000000
399026342475.4463500000
397133377819.6158400000
420544441019.4609400000
1237133299374.5398000000
353392021193.2323000000
385449688172.2451800000
351499498384.4041700000
348966680188.2959000000
376285618577.2458500000
343753982623.7409100000
344594119118.1210900000
341990501223.7515900000
325694887319.9094800000
327984678494.1031500000
318697904231.3169600000
313443229922.3507100000
305072892050.2700800000
304496076882.3700600000
279286651246.1093700000
270057633990.7894300000
261251057505.4413800000
255337844179.4866300000
258593983657.3607200000
240862015009.1676900000
1016566144275.6469000000
853863058355.9428700000
0.0000000000
0.0000000000
0.0000000000
0.0000000000
0.0000000000
0.0000000000
0.0000000000
0.0000000000
0.0000000000
0.0000000000
0.0000000000
0.0000000000
0.0000000000
0.0000000000
0.0000000000
0.0000000000
0.0000000000
0.0000000000
0.0000000000
0.0000000000
0.0000000000
0.0000000000
0.0000000000
0.0000000000
0.0000000000
0.0000000000
0.0000000000
0.0000000000
0.0000000000
0.0000000000
0.0000000000
0.0000000000
0.0000000000
0.0000000000
0.0000000000
0.0000000000
0.0000000000
0.0000000000
0.0000000000
0.0000000000
0.0000000000
0.0000000000
0.0000000000
0.0000000000
0.0000000000
0.0000000000
3907227342469.4609000000
2905843947356.6011000000
2685467297847.4932000000
2514828755007.3442000000
2171939646510.3655000000
2790812330989.0518000000
2369177096937.6851000000
1200780844783.4414000000
2018530952127.6829000000
1799149028844.9731000000
1716084462533.8447000000
1997822292317.1743000000
2061430630988.9001000000
1298977788091.7534000000
1947314120837.8933000000
1943701285271.7197000000
1771032312882.9895000000
1684709862960.4197000000
1684709862960.4197000000
1858238090241.9294000000
1504293037839.0068000000
2163099297815.2769000000
1900561396942.3967000000
1279199314112.1980000000
1572947908161.7991000000
1588093779147.2812000000
1285635783062.1836000000
1360511157894.1482000000
1720739890019.8333000000
1749871972920.8220000000
1636090177754.6672000000
1533430592853.7415000000
949580558629.8802500000
1139322280702.5815000000
1566950939885.8013000000
1564530087090.1941000000
1648004879732.5398000000
1676395453038.2744000000
1587550013061.2788000000
1627276123328.4312000000
1399931161811.3535000000
1399931161811.3535000000
1277514369921.5010000000
1337262288240.0498000000
1337262288240.0498000000
829338955133.4718000000
1136859653628.5674000000
976688273074.9610600000
1403265493171.7566000000
1246114629630.1221000000
1206565077623.6414000000
824583776987.7332800000
1219231233325.3765000000
1436876443047.6235000000
1146124858165.2417000000
1404380442776.3433000000
1154212015348.1689000000
762228747850.4193100000
851290972554.9201700000
1401997154328.1301000000
1585308274267.4307000000
1141714986313.4651000000
1309433295780.9133000000
1616847687657.1687000000
734593562076.1778600000
1301354988538.0176000000
1271994091815.6899000000
939140704562.4779100000
1124881140018.5803000000
1115724604036.6643000000
1014056674177.2659000000
1006793171171.1825000000
1116375816917.4800000000
1558572694615.3840000000
989938836622.2694100000
1140998509440.8250000000
702462390088.1003400000
899572127133.9036900000
994463287463.2531700000
1027879126714.0276000000
1180599592217.2625000000
1185289369854.3518000000
937642836852.3262900000
1107696174115.5457000000
597841574951.0673800000
1054662068256.0535000000
1114289640650.1064000000
953232499955.3919700000
1130376538586.1960000000
1135226672014.7146000000
603799276170.4846200000
962556736941.9215100000
1148311613866.4888000000
924022802996.0089100000
588725862206.8586400000
1114845589405.4185000000
601011868162.3148200000
723535686356.1131600000
1114508058318.9934000000
961009729392.1180400000
549313794355.5415000000
512245857109.5427200000
532997303645.8607200000
850186023582.0736100000
473767855631.5857500000
769250125610.6563700000
758520554989.3569300000
638370298018.9615500000
390367775573.1142600000
1044165414362.3025000000
699034060234.7592800000
970839021447.3040800000
730422506195.5821500000
365004908845.3118900000
319028629580.6749300000
389852334928.0968000000
363856876595.1419100000
658150971717.4768100000
612857017799.5216100000
572176339174.3885500000
297264083661.7015400000
523702461704.6923200000
601455718851.1679700000
288410481370.6318400000
420751777744.1145000000
394216173226.1668700000
329662403366.0007900000
0.0000000000
0.0000000000
0.0000000000
3262343486267.0737000000
3836724399368.8154000000
3274776081256.6177000000
2124114398455.2202000000
2286436514474.4727000000
2651621822077.1133000000
2839152200193.7256000000
2710640072578.6362000000
2603748463507.2749000000
2782379453891.9482000000
2398341751370.1035000000
2335063018708.0112000000
1340898450228.3640000000
1682551325809.1052000000
2215994588098.7446000000
1800041830818.9419000000
1804988767261.0493000000
1235343386012.6394000000
2036524077606.2744000000
2256969031739.2490000000
2299309518500.2798000000
1190392625040.8435000000
1824952109049.9084000000
1699647837928.2573000000
1986292590771.6855000000
1600438280665.8960000000
2503263499539.9907000000
1646429966346.3130000000
1556858076135.5789000000
2298880003824.2568000000
2296111680087.3223000000
1121777919808.6157000000
1256723035599.2502000000
1091949508749.4603000000
1482667021783.7402000000
1107282364057.7681000000
1624822879073.1663000000
1105139506778.4954000000
2334325374944.3677000000
1982395361708.8533000000
1044541881073.2877000000
1073848982273.8765000000
1685938603358.5454000000
2179593695490.5723000000
1683917315627.6663000000
1463286483721.3262000000
1959279914049.6372000000
1444939390524.4092000000
1784398556675.9387000000
1832100940979.4536000000
2061791813627.1902000000
1046797879251.9668000000
1565241838925.6074000000
984871934748.9274900000
1974717764410.1526000000
938131224044.4246800000
1820198861660.7930000000
1607825429187.7991000000
1413673032334.1787000000
1315165850932.0186000000
1562963011375.0627000000
1572442520820.2500000000
921254745559.1366000000
1596067577725.8223000000
961341599024.4055200000
916005088725.5557900000
913451592270.3057900000
1178664104447.9604000000
1424762311538.9526000000
1823734943651.0886000000
862821018840.2688000000
1524971584385.1458000000
849441524874.2012900000
961121329879.2446300000
933917080722.2264400000
809624918072.4979200000
812763530673.4748500000
1125790259591.2131000000
879709305994.5714100000
818234771643.7183800000
1504253713959.2661000000
793644793390.8978300000
1353755162430.5769000000
741656972180.3643800000
728504764127.1755400000
734939525936.4326200000
1539086391510.0327000000
745679605071.9666700000
816453001207.7374300000
810558031982.7457300000
1310685551789.9734000000
797323442250.5803200000
741150231677.6739500000
729646893363.4820600000
1192783282282.5029000000
652245304349.8563200000
1294408144869.7498000000
1184284887275.3779000000
1131356919867.0115000000
723991792641.4549600000
625023894479.0850800000
1028396763091.1924000000
652368288303.8980700000
1035023697045.5469000000
1347519215070.1282000000
1222529101302.5457000000
664797320547.1943400000
644260773568.8872100000
599244558686.9843700000
592292857641.9414100000
567765519362.6318400000
583272172731.9609400000
1119053600966.3289000000
565820413092.1881100000
527090319453.2619600000
522182711521.7338900000
967650781458.0955800000
1033365442663.2881000000
897907430652.8210400000
960910636897.5018300000
470119218560.0741000000
838944619722.1070600000
468795343387.9314600000
899419282739.3911100000
811999258707.9658200000
476343548871.9654500000
512863096385.3923300000
436005057011.6292100000
458556972583.3936800000
773113431014.3126200000
822281081882.6635700000
402930637163.5670200000
392829689784.7596400000
381040161180.5697600000
332490170650.4125400000
464897663149.4536100000
355901402471.7787500000
331437825140.1221300000
366041761586.3434400000
357324642241.8533900000
316232065129.6704100000
572470943756.0647000000
269015802481.9481800000
264587487143.5422400000
249659102172.6636700000
224362447723.6651300000
199865857675.7838100000
232927866210.3363300000
180915100126.0181000000
452943586848.8795800000
0.0000000000
0.0000000000
0.0000000000
0.0000000000
0.0000000000
0.0000000000
0.0000000000
0.0000000000
0.0000000000
0.0000000000
0.0000000000
0.0000000000
0.0000000000
0.0000000000
0.0000000000
3046447894984.1079000000
3607474556197.9146000000
2655166714052.5391000000
2646188622880.9512000000
2821712312135.9346000000
2997862400277.4038000000
2760437237848.3052000000
2167963131671.7876000000
2719950619772.9487000000
3033221408716.2988000000
2308348181849.1348000000
2020350875743.0403000000
1860261134776.6208000000
2955957592979.1177000000
1816933732799.5129000000
2457715877312.0132000000
2046406786204.7351000000
2572238646360.9648000000
2589370648525.3203000000
2882470137797.8022000000
2392941688275.9370000000
1917618720858.7161000000
2549929234579.7930000000
2036377053588.5752000000
2331086477893.7349000000
1840480390356.9956000000
2507349215841.3481000000
2600939082987.3740000000
2297936257575.5254000000
1826131637174.6743000000
1643700488580.4209000000
1734959152841.4834000000
1799732755860.7634000000
2031777996045.9309000000
1772827961116.7183000000
1971672943052.5134000000
1253904348664.6350000000
2332997626846.7002000000
2172398951365.7217000000
2172398951365.7217000000
2172398951365.7217000000
2172398951365.7217000000
2172398951365.7217000000
1880260387852.1084000000
1626564690912.5051000000
1789583895263.1394000000
2274147085194.3706000000
2220585751143.8086000000
1632266882244.3313000000
1637718753328.5183000000
1958742914505.5110000000
1818661226001.3853000000
1871407145387.5254000000
1861239502192.5439000000
1941123066805.2144000000
1679268928542.4817000000
1677458574104.1790000000
1616549652581.3694000000
1646027279743.4458000000
1148036324943.5247000000
1730444714631.5056000000
1636151723841.4258000000
2482721672918.8218000000
1721490360470.6533000000
1706109467941.4939000000
1739891883478.6672000000
2170931613557.3120000000
1507229291028.3430000000
1711235745380.3081000000
1488294244905.9482000000
1502379335423.8296000000
2431103740203.4600000000
1519354957263.9482000000
1496612868464.6313000000
1565654706803.0684000000
1501718049863.9290000000
2032340465790.4087000000
1726089108368.0244000000
1723170932500.9797000000
1611019708388.5852000000
1890715354283.2583000000
1555933576761.4187000000
1635828094994.3047000000
1528121289656.4343000000
1627180486413.4714000000
1747504579063.8105000000
1361010208272.3379000000
1566242687761.9097000000
1558017197659.7500000000
1589581980088.9412000000
1569666408305.8357000000
1388765700448.7715000000
1313414733081.2578000000
1456582921863.8403000000
1685936276539.9705000000
1663746396188.0120000000
1507595404962.2837000000
1459297828795.1636000000
1039201171918.8530000000
1400619751770.6995000000
1596413173934.3384000000
1422996642210.6912000000
1338163841781.1362000000
1439098911352.1245000000
889897965340.2526900000
2021746240499.6565000000
889810089112.1424600000
1283139135956.7197000000
1287533477480.1599000000
1247782630772.9944000000
1299707284681.7261000000
1335749233470.7261000000
1442700705843.0427000000
886234431417.2131300000
1863614057245.7539000000
1457632364966.8992000000
1379295043998.8865000000
862466443153.3957500000
1231799740743.7666000000
1193685178189.2036000000
1257692974495.4778000000
1264324170872.2627000000
1383925415681.3110000000
1197525888668.8489000000
1154374357369.2212000000
771882333059.9140600000
823216616314.9815700000
1207488675098.2896000000
1318523252569.3518000000
728911424184.3192100000
1726072401470.5991000000
751547980462.4580100000
1606183858685.7393000000
691571888912.5360100000
1384610478242.4275000000
680267829572.0206300000
1305831491278.9788000000
1259407373017.3086000000
1256392812246.1897000000
1150813727864.5349000000
1202835788533.9333000000
1271795112117.8188000000
1288019202415.1729000000
943140008997.1508800000
681942703978.6680900000
653093691425.4595900000
1146508676664.7522000000
1109653692808.3494000000
987689114112.3979500000
1139882276424.4631000000
1016278488012.4998000000
615891465352.9137000000
1237991166437.0679000000
1117052377122.8926000000
1058785893809.7446000000
972438623506.7583000000
1033495172203.7063000000
1039389112166.5383000000
970540107348.7402300000
970540107348.7402300000
970540107348.7402300000
970540107348.7402300000
970540107348.7402300000
889280038914.4281000000
920415889706.8963600000
920415889706.8963600000
920415889706.8963600000
920415889706.8963600000
1088469818756.4637000000
1058528384185.4413000000
605125924002.8337400000
878945198820.0528600000
867248352459.8007800000
878945198820.0528600000
1029972655798.9058000000
1034383418421.7131000000
833333360156.1514900000
843652386162.5498000000
1109114615090.2527000000
812966829215.1364700000
907370846615.1451400000
689513866736.5922900000
1077608847221.4077000000
1031668084545.4478000000
1034770600105.7529000000
997775221561.8649900000
950825292781.0057400000
955167098794.0640900000
996677403391.1720000000
910137685708.6104700000
538978527440.2115500000
1108621895532.6692000000
1055800988782.6946000000
890888055000.5441900000
1018466055455.1526000000
508400292625.6610100000
455032121391.6654100000
908927139079.2910200000
850517002414.0001200000
834797407452.7548800000
1220051263895.8533000000
796679593662.5460200000
697064630449.8544900000
289366976767.8007200000
290796450151.3869600000
292926656293.0219700000
483268241646.9455600000
272009846699.7061800000
269925858383.7118500000
263673535014.9698200000
261813786901.0634200000
238564611238.2996500000
0.0000000000
0.0000000000
0.0000000000
0.0000000000
0.0000000000
0.0000000000
2524259153940.3931000000
3223949128249.2925000000
2370817455444.8623000000
2660954344630.5791000000
2450419887681.2866000000
2557148771235.8232000000
2428741663920.5283000000
2462909095079.0166000000
2477467205243.8560000000
2336095705360.7778000000
2436322674211.1123000000
2980673441685.8945000000
2380690695278.4727000000
2306138757388.8755000000
2252480102676.4429000000
2251765023075.9331000000
2188950067713.3767000000
2225369175092.2275000000
2124322687026.8889000000
2171850776821.7573000000
1895164246170.3699000000
2134175805455.6514000000
1964135079903.8020000000
1335660423929.0745000000
1897233086115.8284000000
1267880298016.8667000000
2003290270967.8108000000
1795437573410.1157000000
1716757288073.3667000000
1716757288073.3667000000
1716757288073.3667000000
1860179591558.7666000000
1939262919293.6162000000
1652831893333.8704000000
2042326555517.8855000000
1599078559060.5603000000
2035429701419.3870000000
1543496511898.6912000000
1552732141216.2935000000
1868977042117.0562000000
1589121403598.2407000000
1589121403598.2407000000
1777189687804.1182000000
1789127754637.5295000000
1900331541647.1538000000
1449325012025.6899000000
1893319535620.5117000000
1311699508247.4397000000
1737412923200.1545000000
1960857544960.1990000000
1090208106940.6503000000
1135421369745.8833000000
1645070695597.2107000000
1578046912184.1089000000
997107341166.6191400000
1832105091600.2776000000
1484699775144.1489000000
1618419042817.3857000000
1039026256881.6719000000
1134416415226.5474000000
1629767146191.7175000000
1871573988100.4404000000
1626586025192.8098000000
1693939058573.3252000000
1720876136003.6865000000
926114779225.2637900000
902127459940.1959200000
898327904425.6966600000
934543157206.8527800000
1776398358830.1423000000
1589851833570.4841000000
2043134226625.2551000000
1122252499573.6484000000
1741029012571.1267000000
804891752425.4298100000
1046890135512.3647000000
798911538312.0095200000
829073677803.9904800000
825133184435.3938000000
1564395069114.5251000000
803024313409.2283900000
768542877688.3815900000
758895894072.1108400000
757393411909.3806200000
1462291470750.5833000000
1010942840647.4353000000
710329956878.5484600000
711689566895.5003700000
663212085372.0430900000
678885530988.7978500000
1380403379945.9687000000
608023823950.5734900000
634621438213.5833700000
1089601571238.0768000000
599482129544.5965600000
1200699757758.2351000000
291226502706.0079300000
214549708675.1744400000
0.0000000000
0.0000000000
0.0000000000
0.0000000000
0.0000000000
0.0000000000
0.0000000000
0.0000000000
0.0000000000
0.0000000000
0.0000000000
0.0000000000
0.0000000000
0.0000000000
0.0000000000
0.0000000000
2965916131510.4448000000
3530165605688.6436000000
3081467808119.6851000000
2658003732839.2778000000
3272318087589.0459000000
2691195600232.5220000000
3250379436077.4819000000
2573677136148.7842000000
2528687630908.5728000000
2762038894545.2676000000
2837110683559.0220000000
2076840748298.4812000000
1382812739573.8113000000
2647817120125.5420000000
2188896780577.4980000000
2099475494860.3667000000
2390993894258.7568000000
2178100535831.2717000000
2181731096931.0564000000
2105671721113.6042000000
2793516481391.6094000000
2018506588381.8799000000
2175063971907.8738000000
1931017343697.3459000000
2432938172077.5122000000
1897855203064.8413000000
2325307452071.9932000000
2558409982402.5347000000
1881953922049.4058000000
1914230826423.0830000000
1795005311438.2959000000
2331825053439.0254000000
1180405468134.0969000000
2444896366196.8198000000
2287705767936.4077000000
1875807446964.5415000000
2678442739757.6558000000
2363035215389.7031000000
2066865550795.0916000000
1920997277112.1870000000
2291904967804.6670000000
2503422870429.1992000000
2112992124594.0168000000
1829775293803.2053000000
1784908035880.2109000000
1784767523826.4534000000
1794809665674.7556000000
2139201512651.9429000000
1320890910508.2495000000
1758100307208.2278000000
1603757285254.9543000000
1614321733857.5095000000
2146625765963.3467000000
2222451207295.5503000000
1132113263936.1809000000
1966624024101.1631000000
2003074494332.1301000000
1780338217162.9622000000
1640035040212.6392000000
2022965439263.7927000000
1598778712223.6577000000
1923832209716.4492000000
1567576896425.6204000000
1752010759033.3713000000
1472425375042.1670000000
2029623036845.7834000000
1499897631321.8779000000
1628811482483.6138000000
1620196495051.7959000000
1921454274712.5757000000
1584084078859.1079000000
1872832474288.4028000000
1690911623794.8430000000
1677629816027.9780000000
1010036592254.5908000000
1514163371312.7629000000
1598044010839.2844000000
2409682023940.4102000000
1563379523358.1101000000
2093102775561.0776000000
2020548425650.3889000000
2011341115070.5913000000
1812797325280.7126000000
1382472417978.9617000000
1624909875819.2520000000
1594402665637.7629000000
995852679770.2008100000
1486563740600.1843000000
1994470287188.2036000000
1356073848927.5352000000
1445502800525.7129000000
1487204512971.5544000000
1750801354714.0505000000
1394131145143.7878000000
1407736909999.5354000000
1727958693643.1140000000
1264906831239.4644000000
879584210970.1560100000
1937703580432.4202000000
1438480116381.4255000000
1568165685743.5522000000
1562037094921.1804000000
1348956336909.0242000000
1429111514643.0503000000
2239336546850.7427000000
1318233966688.2202000000
1541491933148.7825000000
795250278197.9455600000
810923739603.8272700000
995943801161.7056900000
655800113568.0725100000
775059397344.9840100000
687394917686.1372100000
1198367959349.6213000000
691296165421.5382100000
1525633436036.4036000000
1180861520680.6904000000
1435015788046.8252000000
1459912989749.7278000000
1454017091895.2751000000
597319943495.6148700000
1343198971370.4788000000
1040974997704.8975000000
1096765998533.0679000000
844563900970.4876700000
508699439770.0693400000
890690272111.5448000000
776410317767.9406700000
586725230630.4537400000
265444851454.2511900000
262460574526.8008100000
0.0000000000
0.0000000000
4072422117987.8164000000
3127681900427.5825000000
3019855118840.5391000000
2893293053662.7036000000
2018241909594.8503000000
1936872029934.9226000000
1778266881419.2781000000
2052554541102.2363000000
2517089010533.6602000000
1827190904062.0305000000
2260506006219.9761000000
2017890643808.5764000000
1649128214015.1326000000
1070978678012.2269000000
1122837367396.0364000000
1809385801489.2249000000
1669876300841.9238000000
1013234407595.8815000000
1918284490631.4624000000
1056639210041.2839000000
1601275382601.8271000000
971947430135.8689000000
1684083104358.3074000000
1424871857597.9927000000
970704249375.9216300000
1683469221920.7900000000
1460487826701.4478000000
1734526535934.5334000000
1522662493008.1526000000
1717146112252.4072000000
820631721504.8345900000
751980861112.9766800000
747012576416.4654500000
718065914091.4370100000
731471593925.0601800000
686736095964.1864000000
1404993185084.8799000000
1425726223275.2732000000
1358851703458.1790000000
859219997682.7755100000
1274912658076.4856000000
1266827236266.9429000000
724973286365.8676800000
1352831801472.1104000000
1248244169515.5376000000
1259268234293.9587000000
1067890624905.4580000000
1199403771402.6458000000
1020148409834.0541000000
1067105044409.9290000000
1049561044348.3464000000
1049561044348.3464000000
1124498110690.8643000000
956691981692.9825400000
484017911416.8182400000
1220823731672.1560000000
494993827084.7251600000
474992173157.4951800000
959155061922.9522700000
453799428095.9091800000
394831154394.0531000000
395087751762.4735100000
846427796928.2887000000
380222996256.7652000000
390283020322.6613200000
373058372540.3413100000
409514889513.4465300000
339459122291.7426100000
356928716707.1096200000
340856833135.6265900000
245077346066.5730900000
0.0000000000
0.0000000000
0.0000000000
3715365255240.9321000000
3204558616110.0698000000
2410381008005.3418000000
2617831723374.5903000000
2076857854089.4268000000
2277704091905.7192000000
2826089197167.4966000000
2405679938025.3315000000
2337550492640.6533000000
1537447497610.2649000000
2101593201219.2422000000
1922691205386.3420000000
2037709579615.6062000000
2409303152647.2114000000
2124065925179.0737000000
2047731044241.4238000000
2218254092742.0000000000
2364937399205.9214000000
1292048908804.7727000000
2325797088058.4980000000
2087195226477.1633000000
2231501672669.4565000000
2215021060365.7773000000
1291278787524.3892000000
2172120906629.0090000000
2050714071972.7969000000
2087910811729.2866000000
2055472772338.8906000000
1890662410363.0457000000
1949544246744.9294000000
2171976576405.7405000000
1917693676373.1318000000
1921333585422.6470000000
1921333585422.6470000000
1921333585422.6470000000
1328448996634.6768000000
1729716082062.3010000000
1729716082062.3010000000
1810051017177.4861000000
2011451056289.3308000000
1952677113378.1819000000
1904042119539.7905000000
1613353476164.8362000000
1613353476164.8362000000
1595149215716.2019000000
1613353476164.8362000000
1613353476164.8362000000
1613353476164.8362000000
1914891553209.6201000000
1871681628166.4736000000
1531645556729.6191000000
1531645556729.6191000000
1945822016088.6357000000
1469352468015.6333000000
1469352468015.6333000000
1469352468015.6333000000
1469352468015.6333000000
1469352468015.6333000000
1469352468015.6333000000
1469352468015.6333000000
1762022666842.2944000000
1825481834732.7817000000
1773013450917.8596000000
1938450617186.5190000000
1409535260441.5637000000
1419289935281.2288000000
1377564108271.3560000000
1377564108271.3560000000
1894552392024.1218000000
1819750319656.6248000000
1090809042994.2968000000
1310649038489.9675000000
1742453060248.9146000000
1697162823680.5789000000
1808238194374.2131000000
1282964004651.9412000000
1276932374413.4839000000
1842163511113.3691000000
1818160914672.8318000000
1730243823245.9204000000
1622236603796.2766000000
1012654603017.0863000000
1010260504705.4258000000
1750631914309.7356000000
1628295158798.8298000000
1008180043654.0988000000
1732381587089.9409000000
1738014946092.9277000000
1741886506665.6841000000
1694994285560.2183000000
1520100456428.5579000000
990563817292.5561500000
946281323625.2824700000
1655751696834.1003000000
945913223461.1099900000
1570661574998.9592000000
995879007281.2720900000
1024588123645.7941000000
1546488750479.4983000000
1517911881608.8069000000
911934290676.4239500000
1543528879309.6201000000
1222625866869.4397000000
878655650768.5793500000
893131788881.8927000000
1469729748124.8525000000
959195698203.0223400000
1474020093654.5750000000
1628672746396.8767000000
1468146107103.5500000000
1436330183563.8076000000
1449188749234.4905000000
868717599407.8325200000
1251410220949.6206000000
1211159054800.5625000000
812053931195.7299800000
959295866797.0925300000
817791902986.7131300000
1431442603892.5979000000
938680898929.6381800000
782154781047.0636000000
1423914249784.1377000000
763006738553.9698500000
1083162914666.2438000000
1071925605862.8562000000
693679372129.1253700000
687169388463.1845700000
684327621350.6224400000
672522933875.4948700000
643017365010.2135000000
626750588232.0581100000
392226835429.6566200000
307221383333.5112300000
355663497834.9410400000
216026711238.1015600000
216983230052.0707700000
0.0000000000
0.0000000000
0.0000000000
0.0000000000
0.0000000000
0.0000000000
0.0000000000
0.0000000000
0.0000000000
0.0000000000
0.0000000000
0.0000000000
0.0000000000
0.0000000000
0.0000000000
0.0000000000
0.0000000000
0.0000000000
0.0000000000
0.0000000000
2733175520552.3525000000
3131223393593.5591000000
3245592818857.2080000000
2335197004465.2065000000
2168515704420.8386000000
2789214616375.3281000000
1993842387683.7686000000
3183099144904.6641000000
3086363005838.6772000000
2035439098739.6318000000
2681899170408.9810000000
2028017210326.3669000000
2881075040195.6440000000
1757088560848.0125000000
3152352504954.6074000000
2325441651707.7510000000
1571162103203.5591000000
1592949702689.3320000000
1796161248633.4788000000
2216192251293.0542000000
2038940162945.0869000000
2711173969823.0439000000
2852030801102.3389000000
2592076456699.5635000000
1780421136461.1931000000
2538201083581.6621000000
2593577895012.2603000000
2657360535126.2056000000
2344058077348.1040000000
2543574332944.3008000000
2218948324443.5957000000
2505104070998.2139000000
2505104070998.2139000000
1308906241670.9666000000
2839357689790.0864000000
1384590585011.3149000000
1384590585011.3149000000
2559633650727.8838000000
2832888793143.2031000000
2102948645933.6917000000
1643087811435.9915000000
2544775429314.8716000000
2738717840154.0200000000
2372512123884.4053000000
1320959730500.4326000000
1867538589335.0767000000
2641866446838.4575000000
2433484272601.8452000000
2450362718839.4956000000
2555221922136.3589000000
1916104164897.7275000000
2563695696735.5229000000
1696808358812.4268000000
2378421083369.9512000000
2326693959869.3516000000
2185668879265.4536000000
1151213808227.6514000000
1489590706195.5874000000
2194478193975.8936000000
1906260270359.3901000000
2215940232878.6050000000
1790974860784.2864000000
1220381580590.7422000000
1715593931213.4038000000
1140527151030.9038000000
1756665089454.9585000000
2185208425137.6631000000
1838328389620.9885000000
2144836060538.2776000000
2169918926009.2805000000
1743270888246.5569000000
1899991794291.1853000000
2247737323743.9121000000
2125147006906.6401000000
1407219094132.6382000000
1061253454408.6301000000
1427375823480.2532000000
2059250725180.7771000000
1648549517080.2432000000
1901708332416.3428000000
1931365408291.8730000000
1694223992329.9631000000
970949541470.8642600000
2217180380342.4204000000
1940740706750.8384000000
1629607962723.3279000000
981525502325.8018800000
1306992112455.0225000000
2149473991079.3225000000
1913787103068.3877000000
869156004784.7783200000
1741097833476.3906000000
1268387011970.5476000000
1534266219656.5657000000
1396830573425.6750000000
1364814023701.5813000000
1309969927157.5913000000
1368251614698.7156000000
1295161834134.1235000000
866912281348.3791500000
1494547479769.1880000000
1377599089876.8574000000
1339172988104.5361000000
1466950448264.5679000000
1290463164436.8184000000
1926464857722.1565000000
1227006445207.9731000000
1173451962491.5188000000
1344319897250.8577000000
1405016702053.0891000000
1402503540652.5271000000
1209561575692.0708000000
1483634890409.5376000000
1259210339967.9373000000
1376573568675.6741000000
1221411050194.2515000000
1646978811817.9871000000
1610204127510.9087000000
1030790827277.6892000000
1065276248264.4465000000
1289416016952.6777000000
1418648979957.8171000000
1101772398970.0088000000
740523702260.3422900000
1035281426016.9464000000
1603681090202.7063000000
1295896300811.7168000000
1004413549168.1974000000
1304539585285.9282000000
1077946358905.1882000000
1186078902229.5159000000
1148772340619.3704000000
1411761661977.9270000000
1365604050515.4258000000
1269546704451.1567000000
959875856223.9810800000
985093558656.1219500000
902385190668.9926800000
1326342642071.1680000000
1274957904211.7065000000
1289878965379.0415000000
1290561007588.7952000000
1227852811678.5117000000
1238948692253.6460000000
1057655155984.0847000000
1009797850103.6324000000
659021502718.9677700000
1006271048580.8115000000
1269657045049.0354000000
1173080652647.9497000000
1302052400058.2112000000
1170472820223.4446000000
804448694694.8790300000
1289738674900.9568000000
1176471167826.5278000000
1277046090215.1768000000
608054463611.9873000000
1061581308706.5684000000
1067485768420.9750000000
960005501630.5056200000
958481683990.8963600000
923106985578.6495400000
878262855166.9902300000
1027638849203.8306000000
1035830576212.0016000000
883385309959.4394500000
1145044508306.8215000000
906343171135.1718700000
1070018669556.7107000000
925511054048.6196300000
1106905159380.8750000000
1035224787253.2959000000
825013273151.1295200000
786679165099.5914300000
823261118091.8013900000
835417918008.3668200000
983527034938.1228000000
505564386681.9267600000
1081381226910.5433000000
932869913664.6696800000
789335185523.6817600000
847839853833.0667700000
797412639954.9939000000
901115133093.8538800000
847639181432.5516400000
667255162673.3331300000
827255994390.7164300000
523923722558.8576700000
859405061358.6127900000
917850633868.6379400000
816493305066.2210700000
754509342855.4464100000
754509342855.4464100000
754509342855.4464100000
754509342855.4464100000
745980022532.7515900000
710631925152.1901900000
710631925152.1901900000
710631925152.1901900000
739620936285.4294400000
676893410083.1125500000
676893410083.1125500000
676893410083.1125500000
676893410083.1125500000
676893410083.1125500000
767975226285.8433800000
649544555453.8900100000
617251873804.3538800000
626555342214.6137700000
626555342214.6137700000
626555342214.6137700000
626555342214.6137700000
606715028191.8082300000
589247188673.7839400000
553426476238.9760700000
396681039547.0564600000
775653356726.8012700000
716743091387.6694300000
477496903953.8137800000
557280720059.3164100000
551112855944.3950200000
457680938621.7852800000
0.0000000000
