0.7059491872787476
0.5018773078918457
0.6034701466560364
0.08880621194839478
0.25886639952659607
-0.04946320131421089
0.25886639952659607
0.08880621194839478
0.5999431610107422
-0.05348426476120949
-0.2013155221939087
0.08567575365304947
0.08567575365304947
-0.2013155221939087
0.08880621194839478
0.20216424763202667
-0.08101047575473785
-0.08101047575473785
0.12085984647274017
0.17332324385643005
0.08880621194839478
0.08567575365304947
-0.20380133390426636
0.2529837489128113
0.2023550420999527
0.1773713231086731
0.030717629939317703
-0.20380133390426636
0.06244881451129913
-0.04896225780248642
0.08567575365304947
0.25573596358299255
-0.15594427287578583
-0.06589939445257187
0.08567575365304947
0.25886639952659607
-0.051949016749858856
-0.051949016749858856
-0.051949016749858856
0.08567575365304947
-0.20380133390426636
-0.20380133390426636
-0.2787681221961975
0.08567575365304947
0.17000612616539001
0.2529837489128113
-0.12713515758514404
0.08567575365304947
0.08567575365304947
0.08567575365304947
0.08567575365304947
-0.2787681221961975
-0.04896225780248642
-0.04896225780248642
-0.04896225780248642
-0.051949016749858856
0.08567575365304947
0.08567575365304947
-0.20380133390426636
-0.08101047575473785
-0.04896225780248642
-0.33271920680999756
-0.2787681221961975
-0.08101047575473785
-0.2787681221961975
-0.08101047575473785
0.08567575365304947
-0.2787681221961975
0.08567575365304947
0.4834311008453369
-0.2787681221961975
0.12148779630661011
0.4834311008453369
-0.20380133390426636
0.4834311008453369
0.17000612616539001
-0.41325607895851135
-0.051949016749858856
0.17000612616539001
0.16701936721801758
-0.41325607895851135
-0.20380133390426636
-0.41325607895851135
0.3159193992614746
0.4834311008453369
-0.41325607895851135
0.1256515234708786
-0.41325607895851135
0.25573596358299255
0.17000612616539001
-0.41325607895851135
-0.41325607895851135
-0.41325607895851135
-0.2787681221961975
0.4849643111228943
0.04713787883520126
-0.4166611135005951
0.3159193992614746
-0.41325607895851135
-0.29540926218032837
-0.29540926218032837
-0.15181343257427216
-0.3972020447254181
0.2745515704154968
-0.2787681221961975
-0.41325607895851135
0.2745515704154968
-0.41325607895851135
-0.3972020447254181
0.05165784806013107
-0.4166611135005951
0.04713787883520126
-0.3993772864341736
-0.41325607895851135
-0.3972020447254181
-0.3993772864341736
0.4849643111228943
-0.3972020447254181
0.4849643111228943
-0.41325607895851135
-0.41325607895851135
-0.4320725202560425
-0.41325607895851135
-0.3972020447254181
-0.27649396657943726
-0.4166611135005951
-0.4166611135005951
-0.3972020447254181
-0.3972020447254181
0.3159193992614746
-0.3972020447254181
-0.3972020447254181
-0.5372703075408936
-0.3972020447254181
-0.3972020447254181
-0.3972020447254181
-0.3972020447254181
-0.3972020447254181
-0.3972020447254181
-0.07672926783561707
0.04713787883520126
-0.3972020447254181
-0.3972020447254181
-0.5046079158782959
-0.3972020447254181
-0.3972020447254181
-0.1668381243944168
-0.5212162137031555
0.414380818605423
-0.40060707926750183
-0.008023027330636978
-0.5212162137031555
-0.4094199240207672
-0.4094199240207672
-0.4094199240207672
-0.4826808571815491
-0.5212162137031555
-0.45928889513015747
-0.45928889513015747
-0.09128548949956894
-0.45928889513015747
-0.45928889513015747
-0.45928889513015747
-0.45928889513015747
-0.45928889513015747
-0.45928889513015747
-0.45928889513015747
-0.45928889513015747
-0.45928889513015747
-0.45928889513015747
-0.45928889513015747
-0.45928889513015747
-0.45928889513015747
-0.45928889513015747
-0.45928889513015747
-0.45928889513015747
-0.45928889513015747
-0.45928889513015747
-0.45928889513015747
-0.45928889513015747
-0.45928889513015747
-0.45928889513015747
-0.45928889513015747
-0.45928889513015747
-0.45928889513015747
-0.45928889513015747
-0.45928889513015747
-0.45928889513015747
0.5999431610107422
0.7059491872787476
0.030526835471391678
0.6034701466560364
-0.2013155221939087
0.25886639952659607
0.47925668954849243
0.6034701466560364
0.47572970390319824
0.20216424763202667
0.20216424763202667
0.030526835471391678
0.20216424763202667
0.25886639952659607
0.47925668954849243
-0.2013155221939087
-0.2013155221939087
0.47925668954849243
0.20216424763202667
-0.2013155221939087
0.25886639952659607
0.08880621194839478
0.030526835471391678
0.20216424763202667
0.030526835471391678
-0.2013155221939087
0.030526835471391678
-0.17228703200817108
-0.2013484090566635
-0.2013155221939087
0.47572970390319824
0.08880621194839478
-0.2013155221939087
0.030526835471391678
0.2023550420999527
0.08567575365304947
-0.2013155221939087
-0.2013155221939087
-0.20380133390426636
-0.20380133390426636
-0.20380133390426636
-0.04946320131421089
-0.20383422076702118
0.25886639952659607
0.25886639952659607
-0.2013155221939087
-0.2013155221939087
0.25573596358299255
0.25886639952659607
-0.051949016749858856
0.08880621194839478
0.25573596358299255
0.08880621194839478
0.25573596358299255
-0.20383422076702118
-0.20380133390426636
0.08567575365304947
-0.17477287352085114
-0.17477287352085114
0.25573596358299255
-0.051949016749858856
-0.20380133390426636
-0.20383422076702118
0.25573596358299255
0.25573596358299255
-0.20383422076702118
-0.20380133390426636
-0.254089891910553
-0.20380133390426636
0.060895513743162155
0.060895513743162155
-0.15042047202587128
0.08409860730171204
-0.3000240623950958
0.08268899470567703
-0.2787681221961975
-0.07672926783561707
0.060895513743162155
-0.078264519572258
0.08268899470567703
-0.20383422076702118
-0.20380133390426636
0.0501246377825737
-0.20380133390426636
0.25573596358299255
-0.2787681221961975
-0.2787681221961975
-0.2787681221961975
-0.2787681221961975
-0.20383422076702118
0.057908765971660614
-0.20383422076702118
-0.2787681221961975
-0.2787681221961975
-0.27880099415779114
-0.2787681221961975
-0.20383422076702118
-0.2787681221961975
-0.41325607895851135
-0.3798094093799591
-0.2008216679096222
-0.20383422076702118
-0.2787681221961975
-0.10255405306816101
0.09591712802648544
-0.5177024602890015
-0.5177024602890015
-0.20380133390426636
-0.20383422076702118
-0.4826808571815491
-0.2008216679096222
-0.36084187030792236
-0.3972020447254181
-0.4826808571815491
-0.27463728189468384
-0.4826808571815491
-0.4826808571815491
-0.27463728189468384
-0.4826808571815491
-0.4826808571815491
-0.4957551956176758
-0.3972020447254181
-0.4797011613845825
-0.4094199240207672
-0.4826808571815491
-0.4797011613845825
-0.45928889513015747
-0.45928889513015747
-0.45928889513015747
-0.45928889513015747
-0.45928889513015747
-0.45928889513015747
-0.45928889513015747
-0.45928889513015747
-0.45928889513015747
-0.45928889513015747
-0.45928889513015747
-0.45928889513015747
0.7059491872787476
0.08722906559705734
0.6034701466560364
0.08880621194839478
-0.2013155221939087
0.25886639952659607
0.08722906559705734
-0.2013155221939087
-0.20380133390426636
0.25573596358299255
-0.2013155221939087
0.25573596358299255
-0.2013155221939087
0.25573596358299255
0.08722906559705734
0.08409860730171204
-0.2013155221939087
0.25886639952659607
0.25886639952659607
0.25886639952659607
-0.0742434561252594
0.08409860730171204
-0.0700678825378418
0.08722906559705734
0.08722906559705734
0.08409860730171204
0.25886639952659607
-0.20380133390426636
0.08409860730171204
-0.20380133390426636
0.08409860730171204
0.0811118483543396
-0.2516040503978729
0.08409860730171204
0.0811118483543396
-0.2516040503978729
-0.2516040503978729
0.25573596358299255
-0.20380133390426636
-0.20380133390426636
-0.20380133390426636
0.0811118483543396
-0.2787681221961975
-0.20380133390426636
-0.20380133390426636
-0.2787681221961975
-0.20380133390426636
0.25573596358299255
-0.2787681221961975
-0.2787681221961975
-0.20380133390426636
0.05931836739182472
-0.39198288321495056
-0.2787681221961975
-0.2787681221961975
-0.2787681221961975
-0.074142687022686
0.4804443418979645
-0.5340094566345215
-0.2787681221961975
-0.2787681221961975
-0.2787681221961975
-0.2787681221961975
0.4804443418979645
0.4834311008453369
-0.2787681221961975
-0.2787681221961975
0.2527492046356201
-0.4957551956176758
-0.2787681221961975
0.2527492046356201
-0.0876389667391777
-0.4166611135005951
-0.40060707926750183
0.4849643111228943
-0.4957551956176758
-0.40060707926750183
-0.3578622043132782
-0.40060707926750183
-0.40060707926750183
-0.40060707926750183
0.2527492046356201
-0.40060707926750183
-0.4094199240207672
0.08226113766431808
-0.4094199240207672
-0.3578622043132782
-0.4094199240207672
-0.3578622043132782
-0.4094199240207672
-0.4826808571815491
-0.5372703075408936
-0.4826808571815491
-0.4826808571815491
-0.3993772864341736
-0.4826808571815491
0.07149023562669754
0.4849643111228943
0.07149023562669754
-0.5372703075408936
0.25726914405822754
-0.5372703075408936
-0.4797011613845825
-0.4797011613845825
-0.3993772864341736
0.07149023562669754
-0.3993772864341736
-0.5212162137031555
-0.5212162137031555
0.4849643111228943
-0.5212162137031555
-0.4797011613845825
-0.4797011613845825
-0.5212162137031555
-0.46076327562332153
-0.45928889513015747
-0.45928889513015747
-0.45928889513015747
-0.45928889513015747
-0.45928889513015747
-0.45928889513015747
-0.45928889513015747
-0.45928889513015747
-0.45928889513015747
-0.45928889513015747
-0.45928889513015747
-0.45928889513015747
-0.45928889513015747
-0.45928889513015747
-0.45928889513015747
-0.45928889513015747
-0.45928889513015747
-0.45928889513015747
-0.45928889513015747
-0.45928889513015747
-0.45928889513015747
-0.45928889513015747
-0.45928889513015747
-0.45928889513015747
-0.45928889513015747
-0.45928889513015747
-0.45928889513015747
-0.45928889513015747
-0.45928889513015747
-0.45928889513015747
-0.45928889513015747
-0.45928889513015747
-0.45928889513015747
-0.45928889513015747
-0.45928889513015747
-0.45928889513015747
-0.45928889513015747
-0.45928889513015747
-0.45928889513015747
0.6034701466560364
0.17852982878684998
0.6034701466560364
0.6034701466560364
-0.04946320131421089
0.5461556315422058
0.47833895683288574
0.5999431610107422
-0.04946320131421089
0.1773713231086731
0.47572970390319824
-0.051040347665548325
0.1773713231086731
0.25279295444488525
0.06244881451129913
0.06244881451129913
0.25886639952659607
0.08722906559705734
-0.4293549358844757
0.5813016891479492
0.15259107947349548
0.20216424763202667
0.20216424763202667
0.20216424763202667
0.20216424763202667
0.25886639952659607
0.25279295444488525
0.25279295444488525
-0.2013155221939087
-0.05314740911126137
0.1773713231086731
0.06244881451129913
-0.07582060247659683
0.05167793855071068
0.03878125920891762
0.08722906559705734
0.03878125920891762
0.15259107947349548
0.05167793855071068
-0.07852466404438019
-0.04946320131421089
0.08722906559705734
0.08722906559705734
0.05167793855071068
0.08722906559705734
0.19488239288330078
-0.30656394362449646
-0.4293549358844757
0.25279295444488525
0.16950517892837524
-0.051040347665548325
-0.04946320131421089
0.15259107947349548
-0.30656394362449646
0.05167793855071068
0.25279295444488525
0.03878125920891762
-0.30656394362449646
0.1409025341272354
-0.30656394362449646
-0.30656394362449646
-0.0742434561252594
0.25279295444488525
0.25279295444488525
-0.0742434561252594
0.25279295444488525
-0.04946320131421089
0.08722906559705734
-0.30656394362449646
0.25279295444488525
-0.07582060247659683
0.25279295444488525
-0.07582060247659683
0.25279295444488525
0.08722906559705734
-0.42522409558296204
-0.30656394362449646
0.06402596086263657
0.4849643111228943
-0.30240023136138916
-0.30656394362449646
-0.07582060247659683
-0.12881308794021606
0.25279295444488525
-0.502983570098877
0.05167793855071068
0.05325508490204811
-0.08829843997955322
-0.20383422076702118
-0.21064622700214386
0.08722906559705734
0.0811118483543396
-0.04946320131421089
0.15259107947349548
0.25279295444488525
-0.2013484090566635
0.06244881451129913
-0.051040347665548325
-0.07582060247659683
-0.14376166462898254
-0.07672926783561707
-0.34497523307800293
0.4159780740737915
0.05167793855071068
-0.07852466404438019
-0.15181343257427216
0.15259107947349548
-0.07852466404438019
-0.6368005275726318
-0.07582060247659683
-0.38801437616348267
-0.07672926783561707
-0.07582060247659683
-0.07672926783561707
-0.0783064141869545
0.05167793855071068
-0.0742434561252594
-0.08101047575473785
-0.6076379418373108
0.07512272149324417
-0.15181343257427216
0.25298672914505005
-0.08101047575473785
0.4832403063774109
0.25298672914505005
0.4849643111228943
0.4832403063774109
-0.3909094035625458
-0.08101047575473785
-0.0742434561252594
-0.08101047575473785
0.4865615963935852
-0.08101047575473785
0.25298672914505005
-0.07852466404438019
-0.0742434561252594
-0.5177024602890015
0.3159193992614746
-0.21061334013938904
0.2682940363883972
-0.17092575132846832
-0.6076379418373108
-0.524672269821167
-0.43027129769325256
0.3159193992614746
-0.25285467505455017
0.3159193992614746
-0.25285467505455017
-0.25285467505455017
-0.43027129769325256
-0.5725448727607727
-0.25701841711997986
-0.25285467505455017
-0.5177024602890015
0.16701936721801758
-0.25285467505455017
-0.6076379418373108
-0.5357187390327454
-0.5357187390327454
0.4849643111228943
0.4849643111228943
-0.3770882785320282
-0.5545049905776978
-0.5340094566345215
-7.665322627872229E-4
-0.08101047575473785
-0.5913309454917908
-0.5913309454917908
-0.5545049905776978
-0.5545049905776978
-0.5545049905776978
-0.5545049905776978
-0.04946320131421089
0.4849643111228943
-0.5913309454917908
-0.5194117426872253
0.2267790585756302
-0.5545049905776978
-0.5194117426872253
-0.5545049905776978
-0.07672926783561707
-0.5545049905776978
-0.20380133390426636
-0.5194117426872253
-0.08101047575473785
-0.4808763563632965
-0.25701841711997986
-0.3812520205974579
-0.5194117426872253
0.2376989871263504
-0.5194117426872253
-0.3812520205974579
-0.5194117426872253
-0.3770882785320282
-0.3770882785320282
0.10203434526920319
0.10203434526920319
-0.3770882785320282
-0.04946320131421089
-0.3770882785320282
-0.5194117426872253
0.4804443418979645
-0.5194117426872253
-0.5194117426872253
0.6427261829376221
0.6427261829376221
-0.5194117426872253
0.2267790585756302
-0.5194117426872253
-0.5194117426872253
-0.5004441738128662
-0.5194117426872253
-0.5004441738128662
-0.5004441738128662
-0.5194117426872253
-0.5194117426872253
-0.5913309454917908
-0.5562378764152527
-0.5725448727607727
-0.5004441738128662
-0.5004441738128662
-0.5004441738128662
-0.5004441738128662
-0.5004441738128662
-0.5004441738128662
-0.5004441738128662
-0.5004441738128662
-0.5004441738128662
-0.5372703075408936
0.4102305471897125
0.4102305471897125
0.2376989871263504
-0.5004441738128662
-0.5212162137031555
0.7059491872787476
0.06356150656938553
-0.052646469324827194
-0.052646469324827194
0.051584627479314804
0.11994224786758423
0.0640624538064003
0.0640624538064003
-0.20380133390426636
0.11994224786758423
-0.052646469324827194
0.2023550420999527
0.11994224786758423
0.11994224786758423
0.2023550420999527
-0.20380133390426636
0.051584627479314804
0.0640624538064003
0.0640624538064003
0.051584627479314804
0.11994224786758423
0.11994224786758423
-0.20380133390426636
0.0640624538064003
-0.052646469324827194
0.0640624538064003
-0.052646469324827194
0.0640624538064003
0.0640624538064003
0.11994224786758423
-0.052646469324827194
-0.052646469324827194
-0.052646469324827194
0.4983503222465515
-0.20380133390426636
0.2023550420999527
-0.20380133390426636
0.051584627479314804
-0.052646469324827194
-0.20380133390426636
0.5999431610107422
-0.052646469324827194
0.0640624538064003
-0.20380133390426636
-0.20380133390426636
-0.20380133390426636
-0.20380133390426636
-0.20380133390426636
-0.2787681221961975
0.5999431610107422
0.0640624538064003
-0.052646469324827194
-0.20380133390426636
-0.2787681221961975
-0.2787681221961975
-0.20380133390426636
-0.20380133390426636
-0.20380133390426636
-0.20380133390426636
-0.20380133390426636
-0.20380133390426636
-0.2787681221961975
-0.2787681221961975
-0.2787681221961975
-0.2787681221961975
-0.2787681221961975
-0.2787681221961975
-0.2787681221961975
-0.2787681221961975
-0.2787681221961975
-0.2787681221961975
-0.2787681221961975
-0.1328737437725067
-0.2787681221961975
-0.2787681221961975
-0.2787681221961975
-0.2787681221961975
-0.2787681221961975
-0.2787681221961975
-0.2787681221961975
-0.2787681221961975
-0.2787681221961975
-0.2787681221961975
-0.2787681221961975
-0.2787681221961975
-0.31146326661109924
-0.31146326661109924
-0.31146326661109924
0.3159193992614746
-0.41325607895851135
-0.41325607895851135
-0.41325607895851135
-0.41325607895851135
-0.41325607895851135
-0.41325607895851135
-0.41325607895851135
-0.013283586129546165
-0.41325607895851135
-0.3591083884239197
-0.41325607895851135
-0.3639249801635742
-0.3639249801635742
-0.3639249801635742
-0.3639249801635742
-0.3639249801635742
-0.013283586129546165
-0.3591083884239197
-0.3639249801635742
-0.45928889513015747
-0.45928889513015747
-0.45928889513015747
-0.45928889513015747
-0.45928889513015747
-0.45928889513015747
-0.45928889513015747
-0.45928889513015747
-0.45928889513015747
-0.45928889513015747
-0.45928889513015747
-0.45928889513015747
-0.45928889513015747
-0.45928889513015747
-0.45928889513015747
-0.45928889513015747
-0.45928889513015747
-0.45928889513015747
-0.45928889513015747
-0.45928889513015747
-0.45928889513015747
-0.45928889513015747
-0.45928889513015747
-0.45928889513015747
0.21120238304138184
0.6034701466560364
-0.051040347665548325
0.6034701466560364
0.6034701466560364
-0.2013155221939087
-0.051040347665548325
0.08115560561418533
0.6034701466560364
-0.052575595676898956
0.5999431610107422
-0.051040347665548325
0.6034701466560364
-0.2013155221939087
0.030526835471391678
0.5999431610107422
0.030526835471391678
0.47833895683288574
-0.07852466404438019
0.030526835471391678
-0.2013155221939087
-0.2013155221939087
0.5999431610107422
0.5999431610107422
0.030717629939317703
0.08115560561418533
-0.052074652165174484
-0.2013155221939087
0.11315859854221344
0.030526835471391678
0.030526835471391678
0.2023550420999527
-0.20380133390426636
0.030526835471391678
-0.20380133390426636
0.08134640008211136
0.030717629939317703
0.11315859854221344
-0.05053940415382385
-0.2013155221939087
0.25886639952659607
-0.2013155221939087
0.11315859854221344
-0.20380133390426636
-0.2013155221939087
-0.05053940415382385
-0.059791237115859985
-0.21061334013938904
-0.19833585619926453
-0.08101047575473785
-0.2516040503978729
-0.2130991518497467
-0.43465176224708557
-0.254089891910553
0.4834311008453369
-0.2130991518497467
-0.2130991518497467
-0.254089891910553
-0.2867850363254547
-0.2787681221961975
-0.31146326661109924
-0.2008216679096222
-0.2008216679096222
0.25573596358299255
0.25573596358299255
-0.2787681221961975
-0.41325607895851135
-0.2787681221961975
-0.2787681221961975
-0.29540926218032837
-0.3972020447254181
-0.3972020447254181
-0.13059738278388977
-0.3972020447254181
-0.3993772864341736
-0.3972020447254181
-0.5372703075408936
-0.3972020447254181
-0.3993772864341736
-0.25189676880836487
-0.4320725202560425
-0.4320725202560425
-0.3993772864341736
-0.5212162137031555
-0.47534292936325073
-0.45928889513015747
-0.45928889513015747
-0.032500579953193665
-0.45928889513015747
-0.45928889513015747
-0.45928889513015747
-0.09128548949956894
-0.45928889513015747
-0.45928889513015747
-0.45928889513015747
-0.45928889513015747
-0.45928889513015747
-0.45928889513015747
-0.45928889513015747
-0.45928889513015747
-0.45928889513015747
-0.45928889513015747
-0.45928889513015747
-0.45928889513015747
-0.45928889513015747
-0.45928889513015747
-0.45928889513015747
-0.45928889513015747
-0.45928889513015747
-0.45928889513015747
-0.45928889513015747
-0.45928889513015747
-0.45928889513015747
-0.45928889513015747
-0.45928889513015747
-0.45928889513015747
-0.45928889513015747
-0.45928889513015747
-0.45928889513015747
-0.45928889513015747
-0.45928889513015747
-0.45928889513015747
-0.45928889513015747
-0.45928889513015747
-0.45928889513015747
-0.45928889513015747
0.7059491872787476
0.006432405207306147
0.21120238304138184
0.21120238304138184
0.20216424763202667
0.6034701466560364
-0.17228703200817108
0.23320956528186798
0.21120238304138184
-0.2013155221939087
-0.14793463051319122
0.21120238304138184
0.6034701466560364
0.6034701466560364
0.5018773078918457
0.6034701466560364
0.08273275196552277
0.20216424763202667
0.21120238304138184
0.20216424763202667
-0.2013155221939087
0.12066905200481415
-0.2013155221939087
0.08273275196552277
0.12066905200481415
0.12066905200481415
-0.2013155221939087
-0.2013155221939087
0.08880621194839478
0.030526835471391678
-0.19568437337875366
-0.2013155221939087
0.03210398182272911
-0.2013155221939087
-0.2013155221939087
-0.2013155221939087
0.08880621194839478
-0.17382226884365082
0.20216424763202667
0.5813016891479492
-0.2013155221939087
0.08880621194839478
-0.2013155221939087
0.6034701466560364
-0.2013155221939087
0.08880621194839478
-0.2013155221939087
-0.2013155221939087
-0.051040347665548325
-0.2013155221939087
0.08880621194839478
0.03210398182272911
-0.04946320131421089
0.03210398182272911
-0.14793463051319122
-0.2013155221939087
-0.2013155221939087
0.03210398182272911
-0.2013155221939087
0.03210398182272911
0.20216424763202667
0.08273275196552277
0.12066905200481415
-0.2013484090566635
-0.2013155221939087
-0.2013155221939087
0.20216424763202667
0.03210398182272911
0.20216424763202667
-0.04946320131421089
-0.2013155221939087
-0.2013155221939087
-0.2013155221939087
0.07509080320596695
0.08115560561418533
0.08880621194839478
0.08880621194839478
0.08880621194839478
-0.2013155221939087
-0.2013155221939087
0.08880621194839478
0.13389720022678375
0.07509080320596695
-0.2013155221939087
0.47572970390319824
-0.04946320131421089
0.04533211141824722
-0.04946320131421089
0.12066905200481415
0.08880621194839478
-0.2013155221939087
-0.04946320131421089
0.08880621194839478
-0.2013155221939087
0.20216424763202667
0.08880621194839478
0.08880621194839478
-0.04946320131421089
0.20216424763202667
0.5999431610107422
0.08880621194839478
0.12066905200481415
-0.2013155221939087
0.08880621194839478
0.08880621194839478
-0.14793463051319122
0.10594943165779114
-0.04946320131421089
0.11315859854221344
-0.2013155221939087
0.07509080320596695
0.08273275196552277
-0.2013155221939087
-0.2013155221939087
0.20216424763202667
-0.20380133390426636
0.08115560561418533
-0.20380133390426636
-0.2013155221939087
-0.2013155221939087
-0.2013155221939087
0.08273275196552277
-0.2013155221939087
-0.20380133390426636
-0.04896225780248642
0.12085984647274017
-0.2013155221939087
-0.20380133390426636
-0.04946320131421089
-0.2013155221939087
0.21068903803825378
-0.20380133390426636
0.12085984647274017
-0.2013155221939087
-0.20380133390426636
0.2023550420999527
-0.2013155221939087
-0.2013155221939087
-0.2013155221939087
0.07559175044298172
-0.2516040503978729
-0.20380133390426636
-0.20380133390426636
0.07559175044298172
-0.2516040503978729
-0.20380133390426636
-0.20380133390426636
0.08292354643344879
-0.20380133390426636
-0.20380133390426636
-0.20380133390426636
0.032294776290655136
-0.22820256650447845
-0.2516040503978729
-0.20380133390426636
-0.20380133390426636
-0.22820256650447845
-0.2516040503978729
-0.254089891910553
-0.20380133390426636
-0.2787681221961975
-0.22820256650447845
-0.2787681221961975
-0.4183448255062103
-0.29540926218032837
-0.2787681221961975
-0.2787681221961975
-0.2787681221961975
-0.2787681221961975
-0.24233673512935638
-0.3972020447254181
-0.3993772864341736
-0.3993772864341736
-0.3972020447254181
-0.3993772864341736
-0.3972020447254181
-0.3993772864341736
-0.3972020447254181
-0.4160184860229492
-0.3993772864341736
-0.5212162137031555
-0.21373610198497772
-0.5212162137031555
-0.5212162137031555
-0.5212162137031555
-0.5212162137031555
-0.20901836454868317
-0.5212162137031555
-0.24899819493293762
-0.3993772864341736
-0.3993772864341736
-0.5212162137031555
-0.45928889513015747
-0.45928889513015747
-0.45928889513015747
-0.5212162137031555
-0.5212162137031555
-0.5212162137031555
-0.40509849786758423
0.4136822521686554
-0.46076327562332153
-0.46076327562332153
-0.45928889513015747
-0.45928889513015747
-0.45928889513015747
-0.45928889513015747
-0.45928889513015747
-0.45928889513015747
-0.45928889513015747
-0.45928889513015747
-0.45928889513015747
-0.45928889513015747
-0.45928889513015747
-0.45928889513015747
-0.45928889513015747
-0.45928889513015747
-0.45928889513015747
-0.45928889513015747
-0.45928889513015747
-0.45928889513015747
-0.45928889513015747
-0.45928889513015747
-0.45928889513015747
-0.45928889513015747
-0.45928889513015747
-0.45928889513015747
-0.45928889513015747
-0.45928889513015747
-0.45928889513015747
-0.45928889513015747
-0.45928889513015747
-0.45928889513015747
-0.45928889513015747
-0.45928889513015747
-0.45928889513015747
-0.45928889513015747
-0.45928889513015747
-0.45928889513015747
-0.45928889513015747
-0.45928889513015747
-0.45928889513015747
-0.45928889513015747
-0.45928889513015747
-0.45928889513015747
-0.45928889513015747
-0.45928889513015747
-0.45928889513015747
-0.45928889513015747
-0.45928889513015747
-0.45928889513015747
0.6034701466560364
0.6034701466560364
0.5999431610107422
0.1773713231086731
0.25886639952659607
0.08880621194839478
-0.04946320131421089
-0.2013484090566635
0.6034701466560364
0.25886639952659607
0.25886639952659607
0.08880621194839478
0.6034701466560364
0.25886639952659607
0.47925668954849243
0.6034701466560364
-0.04946320131421089
0.08880621194839478
0.06402596086263657
-0.07852466404438019
-0.04946320131421089
0.25886639952659607
-0.4293549358844757
-0.24069435894489288
0.08567575365304947
-0.38801437616348267
0.25886639952659607
-0.051949016749858856
0.25886639952659607
-0.2013155221939087
0.25886639952659607
0.25886639952659607
0.25886639952659607
-0.0742434561252594
0.060895513743162155
-0.0742434561252594
-0.051949016749858856
-0.051949016749858856
0.08409860730171204
0.08880621194839478
0.08567575365304947
-0.0452994629740715
0.06402596086263657
0.05325508490204811
-0.051949016749858856
0.25886639952659607
0.25886639952659607
-0.07366181164979935
0.25886639952659607
0.15259107947349548
-0.26903846859931946
-0.051949016749858856
-0.34769636392593384
0.07401460409164429
0.25573596358299255
-0.25163695216178894
-0.20383422076702118
-0.051949016749858856
0.05325508490204811
-0.07672926783561707
0.08567575365304947
-0.07672926783561707
-0.07672926783561707
0.43559134006500244
0.25573596358299255
-0.29753825068473816
-0.07672926783561707
-0.07672926783561707
0.25886639952659607
0.25886639952659607
-0.07672926783561707
0.060895513743162155
0.08567575365304947
0.25573596358299255
0.08880621194839478
0.08880621194839478
0.08880621194839478
-0.07672926783561707
-0.28429922461509705
-0.04946320131421089
-0.04946320131421089
-0.07672926783561707
-0.04946320131421089
-0.07672926783561707
0.0501246377825737
0.25573596358299255
-0.15597717463970184
0.0501246377825737
0.4128476083278656
0.25143343210220337
-0.07672926783561707
0.0501246377825737
0.4834311008453369
-0.07672926783561707
-0.15597717463970184
-0.17477287352085114
-0.09067965298891068
-0.15597717463970184
0.4128476083278656
0.3112756311893463
-0.2787681221961975
0.25143343210220337
0.25143343210220337
0.07633458077907562
-0.4125045835971832
0.25143343210220337
0.4128476083278656
-0.20383422076702118
0.16701936721801758
-0.27880099415779114
0.2527492046356201
0.2527492046356201
0.2527492046356201
-0.3798094093799591
0.4834311008453369
0.4849643111228943
-0.233887180685997
0.4849643111228943
-0.5358163714408875
0.4849643111228943
-0.1965734362602234
-0.4113037586212158
0.4849643111228943
0.4849643111228943
-0.3764300048351288
0.4849643111228943
-0.20383422076702118
0.4849643111228943
0.3159193992614746
0.4849643111228943
-0.5562378764152527
0.057908765971660614
-0.45343807339668274
-0.5913309454917908
0.4849643111228943
-0.31146326661109924
-0.27880099415779114
0.414380818605423
-0.26369473338127136
-0.45343807339668274
-0.4589291214942932
-0.5913309454917908
-0.2787681221961975
-0.025136055424809456
-0.3764300048351288
0.4849643111228943
-0.5372703075408936
-0.5372703075408936
-0.4797011613845825
0.4849643111228943
-0.4797011613845825
-0.43197154998779297
-0.3993772864341736
-0.5212162137031555
-0.5212162137031555
-0.5372703075408936
-0.3993772864341736
-0.5563094615936279
-0.5212162137031555
-0.45928889513015747
-0.45928889513015747
-0.45928889513015747
-0.45928889513015747
0.5999431610107422
-0.07852466404438019
0.22310911118984222
0.49582189321517944
-0.07852466404438019
-0.07852466404438019
0.08722906559705734
0.08722906559705734
0.553331196308136
0.2019045650959015
0.4865615963935852
-0.08365863561630249
0.553331196308136
-0.08782236278057098
0.16950517892837524
0.21120238304138184
-0.051040347665548325
-0.08365863561630249
-0.08778947591781616
-0.08365863561630249
-0.29698196053504944
-0.07684673368930817
-0.07385998219251633
-0.19575271010398865
-0.07684673368930817
-0.07802372425794601
-0.20380133390426636
0.030526835471391678
0.030526835471391678
0.08722906559705734
0.08722906559705734
0.08722906559705734
0.08722906559705734
-0.24330854415893555
-0.051040347665548325
-0.34758710861206055
-0.07852466404438019
-0.07852466404438019
-0.07852466404438019
-0.07852466404438019
-0.08315768837928772
-0.2130991518497467
-0.07852466404438019
-0.07852466404438019
-0.07852466404438019
-0.07852466404438019
0.012134318239986897
-0.08365863561630249
-0.07852466404438019
-0.07852466404438019
-0.2130991518497467
-0.24330854415893555
-0.08315768837928772
-0.08614444732666016
-0.08101047575473785
-0.08101047575473785
-0.2130991518497467
-0.08315768837928772
-0.08315768837928772
-0.08315768837928772
-0.2130991518497467
0.17000612616539001
-0.34758710861206055
-0.34758710861206055
-0.34758710861206055
-0.26015597581863403
-0.14882665872573853
-0.2130991518497467
-0.34758710861206055
-0.26015597581863403
0.053125012665987015
-0.34758710861206055
-0.26015597581863403
-0.34758710861206055
-0.26015597581863403
-0.34758710861206055
-0.3379727900028229
0.07149023562669754
-0.3258250057697296
-0.34758710861206055
-0.5194117426872253
-0.34758710861206055
-0.27649396657943726
-0.3315330743789673
-0.5562378764152527
0.4849643111228943
-0.5007233023643494
-0.3315330743789673
-0.3315330743789673
-0.3315330743789673
-0.43451201915740967
-0.3972020447254181
-0.27649396657943726
-0.43451201915740967
-0.3972020447254181
-0.3972020447254181
-0.2972659468650818
-0.3972020447254181
-0.5372703075408936
-0.5372703075408936
-0.1286029815673828
-0.3972020447254181
-0.31623852252960205
-0.40060707926750183
-0.5372703075408936
-0.5004441738128662
-0.5212162137031555
-0.5212162137031555
-0.5212162137031555
-0.032500579953193665
-0.5372703075408936
-0.47534292936325073
-0.5212162137031555
-0.5212162137031555
-0.5212162137031555
-0.5212162137031555
-0.5212162137031555
-0.5212162137031555
-0.45928889513015747
-0.45928889513015747
-0.45928889513015747
-0.45928889513015747
-0.45928889513015747
-0.45928889513015747
-0.45928889513015747
-0.45928889513015747
-0.45928889513015747
-0.45928889513015747
-0.45928889513015747
-0.45928889513015747
-0.45928889513015747
-0.45928889513015747
-0.45928889513015747
-0.45928889513015747
-0.45928889513015747
-0.45928889513015747
-0.45928889513015747
-0.45928889513015747
-0.45928889513015747
-0.45928889513015747
-0.45928889513015747
-0.45928889513015747
-0.45928889513015747
-0.45928889513015747
-0.45928889513015747
-0.45928889513015747
-0.45928889513015747
-0.45928889513015747
-0.45928889513015747
-0.45928889513015747
-0.45928889513015747
-0.45928889513015747
-0.45928889513015747
-0.45928889513015747
-0.45928889513015747
-0.45928889513015747
-0.45928889513015747
-0.45928889513015747
-0.45928889513015747
-0.45928889513015747
-0.45928889513015747
-0.45928889513015747
-0.45928889513015747
-0.45928889513015747
-0.45928889513015747
-0.45928889513015747
-0.45928889513015747
0.6034701466560364
0.7007960081100464
0.6034701466560364
0.6964445114135742
0.26838672161102295
-0.0825633853673935
0.6034701466560364
0.6034701466560364
-0.051040347665548325
-0.04946320131421089
-0.2013484090566635
0.26838672161102295
-0.06351818144321442
0.08880621194839478
0.21120238304138184
-0.2013484090566635
0.7007960081100464
-0.2013484090566635
-0.2013484090566635
-0.2013484090566635
-0.061941031366586685
-0.04946320131421089
0.22310911118984222
0.1706085503101349
0.6034701466560364
-0.04946320131421089
-0.2013484090566635
0.6034701466560364
-0.2013484090566635
-0.2013155221939087
-0.2013484090566635
-0.2013484090566635
-0.2013155221939087
-0.04946320131421089
0.6034701466560364
-0.2013484090566635
0.08880621194839478
-0.2013484090566635
-0.04946320131421089
-0.2013155221939087
0.6034701466560364
-0.2013155221939087
-0.17228703200817108
0.030526835471391678
-0.2013155221939087
0.08722906559705734
-0.07852466404438019
-0.2013484090566635
-0.2013155221939087
-0.2013155221939087
0.08722906559705734
-0.07852466404438019
-0.2013484090566635
-0.17228703200817108
-0.04896225780248642
-0.2013484090566635
0.030717629939317703
-0.2013155221939087
0.10266028344631195
-0.2013484090566635
-0.2013155221939087
-0.20383422076702118
-0.2013484090566635
-0.07852466404438019
-0.20383422076702118
0.25573596358299255
-0.2516040503978729
-0.05053940415382385
-0.20380133390426636
-0.38801437616348267
-0.04896225780248642
0.08409860730171204
-0.04896225780248642
-0.20383422076702118
-0.20380133390426636
-0.2013155221939087
-0.04896225780248642
-0.38295459747314453
-0.04896225780248642
-0.04896225780248642
0.08409860730171204
-0.08101047575473785
-0.061481982469558716
-0.061440084129571915
0.08567575365304947
-0.20380133390426636
-0.05053940415382385
-0.04896225780248642
-0.04896225780248642
0.08567575365304947
-0.20383422076702118
-0.07374251633882523
-0.25163695216178894
-0.08460439741611481
-0.04896225780248642
0.11994224786758423
-0.13161548972129822
-0.07374251633882523
-0.20380133390426636
-0.08101047575473785
-0.35175177454948425
-0.08101047575473785
-0.13161548972129822
-0.08101047575473785
-0.07531966269016266
-0.20383422076702118
-0.07531966269016266
-0.08101047575473785
-0.20380133390426636
0.0640624538064003
-0.3798094093799591
-0.3798094093799591
-0.3798094093799591
-0.20380133390426636
-0.20380133390426636
-0.37682971358299255
-0.20380133390426636
-0.5147227644920349
-0.5372703075408936
-0.3764300048351288
-0.4183448255062103
-0.5177024602890015
0.4102305471897125
-0.5177024602890015
-0.5562378764152527
-0.5562378764152527
-0.5372703075408936
-0.4826808571815491
-0.3972020447254181
-0.4797011613845825
-0.4797011613845825
0.2682940363883972
-0.4797011613845825
-0.19730108976364136
-0.45928889513015747
0.4102305471897125
0.6034701466560364
0.6171024441719055
0.6034701466560364
0.7059491872787476
0.12066905200481415
0.47925668954849243
0.6034701466560364
0.6034701466560364
0.47925668954849243
0.47925668954849243
0.030526835471391678
0.5999431610107422
0.6034701466560364
0.47925668954849243
0.030526835471391678
-0.051040347665548325
0.030526835471391678
0.47925668954849243
0.5999431610107422
0.030526835471391678
0.47925668954849243
0.030526835471391678
0.030526835471391678
0.5999431610107422
0.030526835471391678
0.030526835471391678
0.47925668954849243
0.6034701466560364
0.1197514533996582
0.030526835471391678
0.030526835471391678
0.030526835471391678
0.030526835471391678
0.47925668954849243
0.6034701466560364
0.47925668954849243
0.47925668954849243
0.12066905200481415
0.08880621194839478
0.1197514533996582
0.47925668954849243
0.030526835471391678
0.5999431610107422
0.47572970390319824
0.5999431610107422
0.47572970390319824
0.47572970390319824
0.47572970390319824
0.5999431610107422
0.5999431610107422
0.47572970390319824
0.12066905200481415
0.5999431610107422
0.5999431610107422
0.5999431610107422
0.5999431610107422
0.5999431610107422
0.5999431610107422
0.5999431610107422
0.030526835471391678
0.5999431610107422
0.47572970390319824
0.47572970390319824
0.47572970390319824
0.47572970390319824
0.47572970390319824
0.47572970390319824
0.47572970390319824
0.47572970390319824
0.47572970390319824
0.47572970390319824
0.47572970390319824
0.47572970390319824
0.47572970390319824
0.47572970390319824
0.47572970390319824
0.47572970390319824
0.47572970390319824
0.47572970390319824
0.47572970390319824
0.47572970390319824
0.47572970390319824
0.47572970390319824
0.47572970390319824
0.47572970390319824
-0.2013155221939087
0.030526835471391678
0.030526835471391678
0.030526835471391678
0.030526835471391678
0.030526835471391678
0.030526835471391678
0.1197514533996582
0.030526835471391678
0.030526835471391678
0.030526835471391678
0.030526835471391678
0.030526835471391678
0.20216424763202667
-0.06351818144321442
-0.2013484090566635
-0.21061334013938904
-0.20383422076702118
-0.051040347665548325
-0.20103192329406738
0.06402596086263657
-0.20383422076702118
-0.20383422076702118
0.47572970390319824
-0.20383422076702118
-0.2516040503978729
-0.27880099415779114
0.08409860730171204
-0.22819600999355316
-0.20380133390426636
-0.20380133390426636
-0.20383422076702118
-0.051949016749858856
-0.051949016749858856
-0.20383422076702118
-0.2787681221961975
-0.31146326661109924
-0.27880099415779114
-0.051949016749858856
-0.051949016749858856
-0.41325607895851135
-0.20383422076702118
-0.41325607895851135
-0.20383422076702118
-0.20380133390426636
-0.20383422076702118
-0.27463728189468384
-0.20383422076702118
0.08268899470567703
-0.20383422076702118
-0.3764300048351288
-0.2104628086090088
-0.4527435898780823
-0.45928889513015747
-0.45928889513015747
-0.45928889513015747
0.5556602478027344
-0.2013484090566635
0.6034701466560364
0.7059491872787476
0.6034701466560364
0.030526835471391678
0.5999431610107422
0.08880621194839478
-0.051040347665548325
-0.17228703200817108
-0.051040347665548325
-0.06351818144321442
0.6034701466560364
0.038184285163879395
0.47925668954849243
0.030526835471391678
-0.051040347665548325
-0.051040347665548325
0.030526835471391678
-0.2013484090566635
-0.061941031366586685
-0.051040347665548325
-0.06351818144321442
-0.2013155221939087
0.030526835471391678
-0.051040347665548325
0.038184285163879395
-0.05053940415382385
-0.07852466404438019
-0.07802372425794601
-0.05053940415382385
-0.12912969291210175
0.20216424763202667
0.20216424763202667
0.5999431610107422
-0.05053940415382385
0.20216424763202667
0.20216424763202667
-0.12912969291210175
0.030717629939317703
-0.05053940415382385
-0.07852466404438019
0.20216424763202667
-0.05053940415382385
-0.13161548972129822
0.20216424763202667
-0.13161548972129822
-0.13161548972129822
-0.13161548972129822
-0.05053940415382385
-0.051040347665548325
0.5999431610107422
-0.05053940415382385
-0.051040347665548325
-0.12912969291210175
-0.13161548972129822
-0.05053940415382385
0.030717629939317703
-0.07802372425794601
-0.06301723420619965
-0.05053940415382385
0.030526835471391678
0.2023550420999527
-0.07802372425794601
-0.09956729412078857
-0.05053940415382385
-0.051040347665548325
0.25279295444488525
-0.2013155221939087
-0.05053940415382385
-0.13161548972129822
-0.05053940415382385
-0.13161548972129822
0.2023550420999527
-0.13161548972129822
-0.06301723420619965
0.030717629939317703
-0.07802372425794601
0.030717629939317703
-0.10006824135780334
0.5999431610107422
-0.05053940415382385
-0.13161548972129822
-0.13161548972129822
-0.07802372425794601
-0.13161548972129822
-0.05053940415382385
-0.05053940415382385
-0.2013155221939087
0.5999431610107422
-0.07852466404438019
0.030526835471391678
-0.05053940415382385
-0.051040347665548325
0.030717629939317703
-0.2013155221939087
0.030717629939317703
-0.13161548972129822
-0.13161548972129822
-0.13161548972129822
-0.08101047575473785
0.2023550420999527
-0.13161548972129822
-0.20383422076702118
-0.13161548972129822
-0.13161548972129822
-0.13161548972129822
-0.2013155221939087
-0.05053940415382385
-0.09956729412078857
-0.05053940415382385
-0.13161548972129822
-0.20380133390426636
-0.13161548972129822
-0.13161548972129822
-0.20380133390426636
-0.13161548972129822
-0.13161548972129822
-0.07802372425794601
-0.13161548972129822
-0.20383422076702118
-0.13161548972129822
-0.13161548972129822
-0.13161548972129822
-0.13161548972129822
-0.08101047575473785
-0.20380133390426636
-0.13161548972129822
-0.13161548972129822
-0.09956729412078857
-0.13161548972129822
-0.13161548972129822
-0.20380133390426636
-0.2787681221961975
-0.2008216679096222
-0.2787681221961975
-0.24233673512935638
-0.38845741748809814
-0.12435468286275864
-0.45928889513015747
-0.45928889513015747
0.6034701466560364
0.7059491872787476
0.26838672161102295
0.6034701466560364
0.7059491872787476
0.08880621194839478
0.030526835471391678
0.25886639952659607
0.5999431610107422
0.25886639952659607
0.20216424763202667
-0.07852466404438019
-0.06473879516124725
0.25886639952659607
-0.2013155221939087
-0.051040347665548325
0.06244881451129913
0.5999431610107422
-0.04946320131421089
0.5999431610107422
-0.04946320131421089
0.08722906559705734
-0.07582060247659683
-0.0742434561252594
-0.07735585421323776
0.08722906559705734
0.06402596086263657
0.20216424763202667
-0.07852466404438019
-0.07852466404438019
0.25886639952659607
-0.04946320131421089
-0.08101047575473785
-0.07582060247659683
-0.07582060247659683
0.08722906559705734
-0.051949016749858856
-0.2013155221939087
-0.05053940415382385
-0.2013155221939087
-0.2013155221939087
-0.08101047575473785
-0.04946320131421089
-0.20380133390426636
0.08115560561418533
-0.0742434561252594
-0.4293549358844757
0.1409025341272354
0.03868522867560387
0.06402596086263657
0.08268899470567703
0.25886639952659607
-0.07852466404438019
0.06402596086263657
-0.04946320131421089
-0.20380133390426636
-0.0700678825378418
-0.07672926783561707
-0.08101047575473785
0.05167793855071068
-0.0742434561252594
0.08268899470567703
0.05931836739182472
-0.051949016749858856
-0.08101047575473785
0.08880621194839478
0.08409860730171204
0.08880621194839478
0.25573596358299255
-0.08101047575473785
0.060895513743162155
0.08268899470567703
-0.16568398475646973
0.057908765971660614
0.08567575365304947
0.2527492046356201
-0.08101047575473785
-0.05352616310119629
-0.07672926783561707
-0.051040347665548325
-0.15597717463970184
-0.08101047575473785
-0.08101047575473785
-0.15597717463970184
-0.08097758144140244
-0.1531963348388672
-0.24315117299556732
0.04713787883520126
-0.08101047575473785
-0.08101047575473785
-0.08101047575473785
-0.20380133390426636
-0.07672926783561707
0.25573596358299255
-0.07531966269016266
-0.08101047575473785
-0.051949016749858856
0.05931836739182472
-0.10537870228290558
0.03928220644593239
-0.07531966269016266
-0.15597717463970184
-0.0700678825378418
0.060895513743162155
0.08567575365304947
-0.0700678825378418
-0.0700678825378418
-0.08097758144140244
-0.07374251633882523
-0.15597717463970184
-0.07672926783561707
-0.22820256650447845
0.060895513743162155
-0.0700678825378418
-0.25698551535606384
-0.04896225780248642
-0.2622789740562439
0.25573596358299255
-0.0783064141869545
0.25886639952659607
-0.07672926783561707
0.25573596358299255
0.25886639952659607
0.25886639952659607
-0.1531963348388672
0.04556073248386383
0.060895513743162155
-0.293716698884964
0.08880621194839478
0.0501246377825737
-0.078264519572258
-0.08101047575473785
-0.078264519572258
0.04713787883520126
-0.15597717463970184
-0.1450345665216446
0.04713787883520126
0.0501246377825737
0.0501246377825737
-0.16676202416419983
0.0501246377825737
-0.11091949790716171
-0.078264519572258
0.04713787883520126
-0.15597717463970184
-0.15597717463970184
-0.15998314321041107
-0.2622789740562439
-0.3798094093799591
-0.07672926783561707
-0.6076379418373108
-0.24315117299556732
-0.17618630826473236
-0.25701841711997986
-0.2622789740562439
-0.25285467505455017
-0.15985777974128723
-0.25701841711997986
-0.4125045835971832
-0.2622789740562439
-0.15594427287578583
-0.5913309454917908
-0.5177024602890015
-0.08101047575473785
-0.12500016391277313
0.0811118483543396
-0.07672926783561707
-0.32920435070991516
-0.214841827750206
-0.2856762707233429
-0.08097758144140244
-0.15597717463970184
-0.46418967843055725
-0.45343807339668274
0.2682940363883972
0.4849643111228943
-0.15597717463970184
0.028709223493933678
0.09591712802648544
0.09591712802648544
0.09591712802648544
-0.25701841711997986
-0.0700678825378418
-0.0700678825378418
-0.0700678825378418
-0.4589291214942932
-0.15597717463970184
-0.5913309454917908
-0.08101047575473785
0.2682940363883972
0.4849643111228943
-0.08101047575473785
-0.5562378764152527
-0.5372703075408936
-0.08101047575473785
0.09591712802648544
0.4849643111228943
0.09591712802648544
0.09591712802648544
-0.23801802098751068
-0.3798094093799591
-0.0700678825378418
-0.0700678825378418
-0.5913309454917908
-0.5723634362220764
-0.08101047575473785
-0.08097758144140244
-0.08101047575473785
-0.233887180685997
-0.08101047575473785
-0.5355374217033386
-0.4589291214942932
-0.5563094615936279
0.2376989871263504
-0.5563094615936279
-0.5563094615936279
-0.5372703075408936
-0.5212162137031555
-0.38845741748809814
-0.3993772864341736
-0.3993772864341736
-0.5372703075408936
-0.5372703075408936
-0.2008216679096222
-0.2008216679096222
-0.5212162137031555
-0.38845741748809814
0.4849643111228943
-0.4768173098564148
-0.5212162137031555
-0.45928889513015747
-0.45928889513015747
-0.45928889513015747
-0.45928889513015747
-0.45928889513015747
-0.45928889513015747
-0.45928889513015747
-0.45928889513015747
-0.45928889513015747
-0.45928889513015747
-0.45928889513015747
-0.45928889513015747
-0.45928889513015747
-0.45928889513015747
-0.45928889513015747
0.7138704657554626
0.7059491872787476
0.25886639952659607
0.25886639952659607
-0.2013155221939087
0.5999431610107422
0.08880621194839478
0.08880621194839478
0.08880621194839478
0.25886639952659607
0.25886639952659607
-0.2013155221939087
0.21120238304138184
0.08880621194839478
-0.2013155221939087
0.08268899470567703
-0.04946320131421089
0.2527492046356201
-0.2130991518497467
0.08409860730171204
-0.2516040503978729
0.08268899470567703
-0.254089891910553
0.08268899470567703
0.08268899470567703
-0.254089891910553
0.08268899470567703
0.08268899470567703
-0.254089891910553
0.08268899470567703
0.2527492046356201
0.2527492046356201
0.08268899470567703
-0.052376843988895416
0.057908765971660614
0.25573596358299255
0.25573596358299255
0.25573596358299255
0.2527492046356201
0.2527492046356201
0.2527492046356201
0.2527492046356201
0.2527492046356201
0.2527492046356201
0.2527492046356201
0.2527492046356201
0.2527492046356201
0.08268899470567703
0.08268899470567703
0.057908765971660614
0.08268899470567703
0.08268899470567703
0.08268899470567703
0.057908765971660614
0.08268899470567703
0.057908765971660614
0.2527492046356201
-0.20380133390426636
-0.20380133390426636
0.04713787883520126
0.057908765971660614
0.04713787883520126
0.08268899470567703
0.057908765971660614
-0.20380133390426636
-0.20380133390426636
-0.20380133390426636
0.04713787883520126
-0.07672926783561707
-0.2787681221961975
0.04713787883520126
-0.2787681221961975
-0.07672926783561707
-0.2787681221961975
0.2527492046356201
-0.293716698884964
0.24844664335250854
0.40986087918281555
-0.36084187030792236
0.4804443418979645
0.4804443418979645
-0.39353710412979126
-0.49873489141464233
0.4849643111228943
-0.4826808571815491
-0.3972020447254181
-0.5212162137031555
0.4849643111228943
-0.5212162137031555
-0.5212162137031555
-0.45928889513015747
-0.45928889513015747
-0.45928889513015747
-0.45928889513015747
-0.45928889513015747
-0.45928889513015747
-0.45928889513015747
-0.45928889513015747
-0.45928889513015747
-0.45928889513015747
-0.45928889513015747
-0.45928889513015747
-0.45928889513015747
-0.45928889513015747
-0.45928889513015747
-0.45928889513015747
-0.45928889513015747
-0.45928889513015747
-0.45928889513015747
-0.45928889513015747
-0.45928889513015747
-0.45928889513015747
-0.45928889513015747
-0.45928889513015747
-0.45928889513015747
-0.45928889513015747
-0.45928889513015747
-0.45928889513015747
0.7059491872787476
0.7059491872787476
0.21120238304138184
0.6034701466560364
0.08115560561418533
0.08880621194839478
0.08880621194839478
0.08722906559705734
-0.2013155221939087
-0.14793463051319122
0.47925668954849243
-0.06613227725028992
0.11315859854221344
-0.2013155221939087
0.20216424763202667
0.20216424763202667
-0.02511082962155342
-0.04946320131421089
0.08880621194839478
0.08115560561418533
0.25886639952659607
-0.07852466404438019
-0.07852466404438019
-0.04946320131421089
-0.04946320131421089
-0.2013155221939087
-0.14793463051319122
0.08115560561418533
0.1773713231086731
0.08880621194839478
0.08880621194839478
-0.14793463051319122
0.08880621194839478
-0.2013155221939087
-0.2013155221939087
-0.2013155221939087
0.1773713231086731
-0.2013155221939087
-0.2013484090566635
0.08880621194839478
-0.2013155221939087
0.08722906559705734
0.11315859854221344
0.08880621194839478
0.08722906559705734
-0.14793463051319122
-0.04946320131421089
-0.04946320131421089
0.5999431610107422
-0.2013155221939087
-0.2013155221939087
0.20216424763202667
0.25886639952659607
-0.2013155221939087
-0.2013155221939087
-0.2013484090566635
-0.2013155221939087
0.08880621194839478
-0.04896225780248642
-0.04896225780248642
-0.17271488904953003
-0.2013155221939087
-0.04946320131421089
-0.17271488904953003
-0.0742434561252594
-0.04896225780248642
-0.2013155221939087
0.08567575365304947
-0.20380133390426636
0.25886639952659607
-0.06442686170339584
0.08409860730171204
0.08567575365304947
-0.08101047575473785
-0.05352616310119629
-0.20380133390426636
-0.20380133390426636
0.25573596358299255
-0.20383422076702118
-0.2013155221939087
0.05931836739182472
-0.17271488904953003
-0.20380133390426636
-0.08101047575473785
-0.07582060247659683
-0.20380133390426636
0.06244881451129913
-0.2013155221939087
0.174240842461586
0.08567575365304947
-0.17271488904953003
0.174240842461586
-0.05053940415382385
0.08567575365304947
0.08409860730171204
-0.20380133390426636
-0.08101047575473785
-0.15042047202587128
-0.20380133390426636
-0.04896225780248642
-0.20380133390426636
-0.08101047575473785
0.08409860730171204
-0.20380133390426636
-0.08101047575473785
-0.20380133390426636
-0.20383422076702118
-0.08920710533857346
-0.07672926783561707
-0.07374251633882523
-0.07374251633882523
-0.20380133390426636
-0.20380133390426636
-0.052376843988895416
-0.20380133390426636
-0.20380133390426636
-0.20380133390426636
-0.20380133390426636
-0.20380133390426636
-0.20380133390426636
-0.07374251633882523
-0.20380133390426636
-0.08101047575473785
-0.2787681221961975
-0.20380133390426636
-0.20380133390426636
-0.304610937833786
-0.37682971358299255
-0.36084187030792236
-0.37682971358299255
-0.20383422076702118
-0.3578622043132782
0.4102305471897125
-0.36084187030792236
-0.3567110300064087
0.02374054305255413
-0.3993772864341736
-0.5212162137031555
-0.2008216679096222
-0.20085455477237701
-0.5212162137031555
-0.17222103476524353
-0.5004441738128662
-0.5212162137031555
0.16453267633914948
-0.5212162137031555
0.338214248418808
-0.5212162137031555
-0.24233673512935638
-0.3884902596473694
-0.45928889513015747
-0.38845741748809814
-0.43851685523986816
-0.3706313967704773
-0.45928889513015747
-0.45928889513015747
0.6034701466560364
0.5999431610107422
-0.04946320131421089
0.6034701466560364
0.20216424763202667
-0.21072956919670105
-0.051040347665548325
-0.09732966125011444
0.030526835471391678
0.47925668954849243
0.030526835471391678
0.030526835471391678
-0.051040347665548325
-0.051040347665548325
-0.051040347665548325
-0.051040347665548325
-0.051040347665548325
-0.07852466404438019
-0.051040347665548325
-0.051040347665548325
0.030526835471391678
-0.07852466404438019
-0.07852466404438019
-0.2013155221939087
-0.06351818144321442
-0.2013155221939087
-0.21072956919670105
-0.2013155221939087
-0.07852466404438019
-0.2013155221939087
0.6034701466560364
-0.07852466404438019
-0.051040347665548325
0.08722906559705734
-0.051040347665548325
-0.2013155221939087
-0.051040347665548325
-0.07852466404438019
-0.15071053802967072
-0.06351818144321442
-0.07852466404438019
-0.2013155221939087
-0.051040347665548325
-0.07852466404438019
-0.07852466404438019
-0.2013155221939087
-0.1531963348388672
0.08722906559705734
0.08409860730171204
-0.2013155221939087
-0.08101047575473785
-0.2013155221939087
-0.2013155221939087
-0.20380133390426636
0.08567575365304947
-0.20380133390426636
0.17000612616539001
-0.08101047575473785
-0.08101047575473785
-0.08101047575473785
-0.08101047575473785
-0.20103192329406738
-0.05053940415382385
-0.12713515758514404
0.08567575365304947
-0.12210989743471146
0.08268899470567703
-0.2130991518497467
-0.08101047575473785
-0.051949016749858856
-0.08101047575473785
-0.2130991518497467
-0.08101047575473785
-0.08101047575473785
-0.2130991518497467
-0.08101047575473785
-0.2516040503978729
-0.2130991518497467
0.08567575365304947
0.08567575365304947
-0.08101047575473785
0.08567575365304947
0.08567575365304947
-0.051949016749858856
-0.051949016749858856
-0.051949016749858856
-0.051949016749858856
-0.153229221701622
-0.2130991518497467
-0.08101047575473785
-0.2130991518497467
-0.08101047575473785
-0.08101047575473785
0.08268899470567703
-0.08101047575473785
-0.08101047575473785
-0.08101047575473785
-0.20380133390426636
-0.08101047575473785
-0.08101047575473785
-0.2130991518497467
-0.08101047575473785
-0.08101047575473785
-0.08101047575473785
-0.08101047575473785
-0.08101047575473785
-0.08101047575473785
-0.08101047575473785
-0.08101047575473785
-0.08101047575473785
-0.08101047575473785
-0.08101047575473785
-0.20380133390426636
0.08268899470567703
0.08268899470567703
-0.08101047575473785
-0.051949016749858856
-0.051949016749858856
-0.051949016749858856
-0.051949016749858856
-0.08101047575473785
-0.08101047575473785
-0.08101047575473785
-0.08101047575473785
-0.08101047575473785
-0.08101047575473785
-0.08101047575473785
-0.08101047575473785
-0.08101047575473785
-0.08101047575473785
-0.08101047575473785
-0.08101047575473785
-0.08101047575473785
-0.08101047575473785
-0.08101047575473785
-0.08101047575473785
-0.08101047575473785
-0.08101047575473785
-0.08101047575473785
-0.08101047575473785
-0.08101047575473785
-0.08101047575473785
-0.07672926783561707
-0.15597717463970184
-0.08101047575473785
-0.08101047575473785
-0.051949016749858856
-0.08101047575473785
-0.2787681221961975
-0.2787681221961975
-0.15181343257427216
-0.2787681221961975
-0.15181343257427216
-0.15181343257427216
-0.2787681221961975
-0.2787681221961975
-0.15597717463970184
-0.3258250057697296
-0.15181343257427216
-0.293716698884964
-0.20380133390426636
-0.15181343257427216
-0.15181343257427216
-0.15181343257427216
-0.5177024602890015
-0.15181343257427216
-0.27649396657943726
-0.49873489141464233
-0.49873489141464233
-0.40060707926750183
-0.4113037586212158
-0.4094199240207672
-0.3972020447254181
-0.2008216679096222
-0.38845741748809814
-0.4797011613845825
-0.45928889513015747
-0.45928889513015747
-0.45928889513015747
-0.45928889513015747
-0.45928889513015747
-0.45928889513015747
-0.45928889513015747
-0.45928889513015747
-0.45928889513015747
-0.45928889513015747
-0.45928889513015747
-0.45928889513015747
-0.45928889513015747
-0.45928889513015747
-0.45928889513015747
-0.45928889513015747
-0.45928889513015747
-0.45928889513015747
-0.45928889513015747
-0.45928889513015747
-0.45928889513015747
-0.45928889513015747
-0.45928889513015747
-0.45928889513015747
-0.45928889513015747
0.7059491872787476
0.7059491872787476
0.6034701466560364
0.6034701466560364
0.6034701466560364
0.5142853260040283
0.6034701466560364
0.6034701466560364
0.6171024441719055
0.6034701466560364
0.6034701466560364
0.5461556315422058
0.5999431610107422
0.3891143798828125
0.030526835471391678
0.08880621194839478
0.08880621194839478
0.3891143798828125
0.08880621194839478
0.3891143798828125
0.08722906559705734
0.6034701466560364
0.08722906559705734
0.5461556315422058
0.7055149674415588
0.7055149674415588
0.030526835471391678
0.7055149674415588
0.6034701466560364
0.25886639952659607
0.7055149674415588
0.7055149674415588
-0.07852466404438019
0.4911593794822693
0.08880621194839478
-0.07852466404438019
-0.05099844932556152
0.030526835471391678
0.08880621194839478
0.25886639952659607
0.08880621194839478
0.25886639952659607
-0.2013155221939087
-0.051040347665548325
-0.051040347665548325
-0.07852466404438019
-0.2013155221939087
-0.07852466404438019
-0.07852466404438019
-0.2013155221939087
0.08880621194839478
0.08880621194839478
0.08880621194839478
0.025958044454455376
-0.04946320131421089
-0.07852466404438019
-0.2013155221939087
0.08880621194839478
-0.2013155221939087
-0.07852466404438019
-0.04946320131421089
-0.2013155221939087
-0.2013155221939087
-0.07852466404438019
-0.2013155221939087
-0.2013155221939087
-0.2013155221939087
-0.07852466404438019
-0.4293549358844757
-0.2013155221939087
-0.05142628028988838
-0.2013155221939087
-0.2013155221939087
-0.4293549358844757
-0.4293549358844757
-0.2013155221939087
-0.2013155221939087
-0.07582060247659683
0.06402596086263657
-0.2013155221939087
-0.2652233839035034
0.5999431610107422
-0.005024325102567673
-0.4293549358844757
-0.12881308794021606
-0.12881308794021606
-0.0742434561252594
-0.04989103227853775
-0.07366181164979935
0.25886639952659607
-0.10568138211965561
-0.08101047575473785
-0.051949016749858856
-0.08101047575473785
-0.2516040503978729
-0.12713515758514404
-0.17306941747665405
-0.051949016749858856
-0.254089891910553
-0.07672926783561707
-0.3149726390838623
-0.3149726390838623
-0.39611634612083435
-0.051949016749858856
-0.20380133390426636
-0.08101047575473785
-0.07672926783561707
-0.078264519572258
-0.07672926783561707
-0.5340094566345215
-0.07672926783561707
0.2682940363883972
-0.20380133390426636
-0.6076379418373108
0.16701936721801758
0.4834311008453369
0.0501246377825737
0.09890388697385788
-0.6076379418373108
-0.4589291214942932
-0.07672926783561707
-0.6076379418373108
-0.5913309454917908
-0.051949016749858856
-0.3798094093799591
-0.07769768685102463
-0.052376843988895416
-0.2380509227514267
-0.029131891205906868
-0.4957551956176758
-0.36084187030792236
-0.4344704747200012
-0.08097758144140244
0.0501246377825737
-0.2856762707233429
-0.5372703075408936
-0.36084187030792236
-0.4797011613845825
-0.5212162137031555
-0.5212162137031555
-0.5212162137031555
-0.5212162137031555
-0.5212162137031555
-0.5212162137031555
-0.45928889513015747
-0.45928889513015747
-0.45928889513015747
-0.45928889513015747
-0.45928889513015747
-0.45928889513015747
-0.45928889513015747
-0.45928889513015747
-0.45928889513015747
-0.45928889513015747
-0.45928889513015747
-0.45928889513015747
-0.45928889513015747
-0.45928889513015747
-0.45928889513015747
-0.45928889513015747
0.26838672161102295
0.7007960081100464
0.47925668954849243
0.08722906559705734
-0.2013484090566635
0.6034701466560364
-0.2013155221939087
0.21120238304138184
-0.12912969291210175
0.1773713231086731
-0.12912969291210175
0.08880621194839478
0.25886639952659607
0.12066905200481415
-0.2013155221939087
0.25886639952659607
0.25886639952659607
0.08880621194839478
0.08880621194839478
0.08880621194839478
-0.10006824135780334
0.08880621194839478
-0.12912969291210175
0.1773713231086731
-0.12912969291210175
0.08880621194839478
-0.051040347665548325
0.08880621194839478
0.25886639952659607
-0.12912969291210175
-0.12912969291210175
-0.10006824135780334
-0.12912969291210175
-0.12912969291210175
-0.12912969291210175
-0.10006824135780334
-0.10006824135780334
-0.12909679114818573
-0.10006824135780334
0.10045719891786575
-0.2013155221939087
0.08880621194839478
-0.13161548972129822
0.09305068105459213
-0.14793463051319122
-0.051040347665548325
0.10203434526920319
-0.2013155221939087
0.10203434526920319
-0.2516040503978729
0.08268899470567703
0.0811118483543396
-0.13161548972129822
-0.10255405306816101
-0.13161548972129822
0.08268899470567703
-0.20380133390426636
0.2527492046356201
-0.10255405306816101
-0.13161548972129822
-0.1315826028585434
0.057908765971660614
0.17125408351421356
-0.2787681221961975
-0.05352616310119629
-0.2065822184085846
-0.13161548972129822
0.05325508490204811
-0.20380133390426636
-0.13161548972129822
-0.4183448255062103
-0.4880751967430115
-0.051949016749858856
-0.2065822184085846
0.6427261829376221
0.4102305471897125
-0.2008216679096222
0.4102305471897125
-0.24233673512935638
-0.5372703075408936
-0.3993772864341736
-0.3993772864341736
0.5122305154800415
-0.3993772864341736
-0.5372703075408936
-0.5372703075408936
-0.45928889513015747
-0.45928889513015747
0.6034701466560364
0.2717917263507843
0.2717917263507843
-0.07852466404438019
0.08722906559705734
0.20216424763202667
-0.2013155221939087
0.21120238304138184
0.08722906559705734
-0.07852466404438019
0.17645370960235596
-0.07852466404438019
0.08722906559705734
0.20216424763202667
0.25279295444488525
0.08880621194839478
0.1773713231086731
0.1773713231086731
0.1773713231086731
0.1773713231086731
0.1773713231086731
0.08722906559705734
0.08722906559705734
-0.07852466404438019
0.08722906559705734
0.25886639952659607
0.08722906559705734
-0.2013155221939087
0.1773713231086731
-0.15074342489242554
-0.2013155221939087
-0.07852466404438019
-0.07852466404438019
-0.07852466404438019
-0.04946320131421089
0.08880621194839478
-0.07852466404438019
-0.2013155221939087
-0.2013155221939087
0.25886639952659607
-0.07582060247659683
-0.37874993681907654
0.25886639952659607
-0.2013155221939087
-0.2013155221939087
0.06402596086263657
0.2545638978481293
-0.4318407475948334
-0.2013155221939087
-0.37874993681907654
-0.4293549358844757
-0.4318407475948334
-0.4318407475948334
-0.4318407475948334
-0.4318407475948334
-0.38126862049102783
-0.38126862049102783
-0.4318407475948334
-0.38126862049102783
-0.15408721566200256
-0.22816312313079834
0.4804443418979645
0.04713787883520126
-0.38126862049102783
-0.35484370589256287
-0.4318407475948334
-0.07531966269016266
-0.3455441892147064
-0.4318407475948334
0.4849643111228943
-0.4318407475948334
-0.40544870495796204
-0.4465782344341278
-0.3782064914703369
-0.1489480882883072
-0.5340094566345215
-0.5340094566345215
-0.4834043085575104
0.09890388697385788
-0.5340094566345215
-0.46709737181663513
-0.5340094566345215
0.4849643111228943
-0.5340094566345215
0.4849643111228943
-0.5913309454917908
-0.5913309454917908
-0.0783064141869545
-0.0783064141869545
-0.45343807339668274
-0.45343807339668274
-0.1965734362602234
-0.45343807339668274
-0.45343807339668274
-0.1965734362602234
-0.1965734362602234
-0.45343807339668274
-0.1965734362602234
0.04713787883520126
-0.3578951060771942
-0.45343807339668274
-0.3324519097805023
-0.4826808571815491
0.07113687694072723
0.07113687694072723
-0.4183448255062103
-0.1489480882883072
-0.1489480882883072
-0.4320725202560425
-0.4510400593280792
-0.3994101285934448
-0.1489480882883072
-0.1489480882883072
-0.1489480882883072
-0.153229221701622
-0.153229221701622
0.4804443418979645
-0.153229221701622
-0.153229221701622
0.2267790585756302
-0.5372703075408936
-0.1531963348388672
-0.025955278426408768
-0.5372703075408936
-0.5372703075408936
-0.3993772864341736
-0.3578622043132782
0.4849643111228943
-0.5563094615936279
-0.38845741748809814
-0.43197154998779297
-0.5372703075408936
-0.5372703075408936
-0.5212162137031555
-0.5212162137031555
-0.5212162137031555
-0.5212162137031555
-0.43851685523986816
-0.5212162137031555
-0.45928889513015747
-0.45928889513015747
-0.45928889513015747
-0.45928889513015747
-0.45928889513015747
-0.45928889513015747
-0.45928889513015747
-0.45928889513015747
-0.45928889513015747
-0.45928889513015747
-0.45928889513015747
-0.45928889513015747
-0.45928889513015747
-0.45928889513015747
0.6034701466560364
0.5556602478027344
0.5556602478027344
0.7059491872787476
0.7059491872787476
0.6034701466560364
0.5142853260040283
0.6034701466560364
0.032339129596948624
-0.16278237104415894
0.26838672161102295
0.6034701466560364
-0.03995855525135994
-0.04946320131421089
0.030526835471391678
0.08722906559705734
0.030526835471391678
-0.04946320131421089
-0.07852466404438019
0.08722906559705734
0.005746569950133562
0.030526835471391678
-0.04946320131421089
0.26838672161102295
-0.2013484090566635
0.08880621194839478
0.08880621194839478
0.7059491872787476
0.5142853260040283
0.08880621194839478
0.1514335721731186
-0.051040347665548325
0.005746569950133562
0.030526835471391678
0.030526835471391678
0.030526835471391678
-0.061941031366586685
0.030526835471391678
0.07353061437606812
0.20216424763202667
-0.2013155221939087
0.6034701466560364
-0.07852466404438019
-0.2013484090566635
-0.2013484090566635
-0.051040347665548325
-0.051040347665548325
0.030526835471391678
-0.0742434561252594
-0.07582060247659683
0.06402596086263657
0.5999431610107422
0.20216424763202667
-0.04153570160269737
0.030526835471391678
-0.07852466404438019
-0.0742434561252594
-0.2013155221939087
-0.08829843997955322
0.20216424763202667
-0.04946320131421089
-0.07852466404438019
0.20216424763202667
0.08880621194839478
-0.2013155221939087
-0.0742434561252594
0.08722906559705734
-0.2013155221939087
0.06244881451129913
0.20216424763202667
-0.0742434561252594
0.6034701466560364
-0.2013484090566635
-0.07852466404438019
-0.0742434561252594
-0.051040347665548325
-0.08672129362821579
0.08880621194839478
-0.2013155221939087
0.47572970390319824
0.20216424763202667
-0.0742434561252594
0.6034701466560364
-0.1970672905445099
-0.2013155221939087
-0.07852466404438019
-0.2013155221939087
0.05325508490204811
-0.0742434561252594
-0.2013484090566635
0.20216424763202667
0.08722906559705734
-0.07852466404438019
0.20216424763202667
-0.04946320131421089
0.05325508490204811
-0.2013155221939087
-0.2013155221939087
-0.07852466404438019
-0.2013155221939087
-0.2013155221939087
0.08722906559705734
0.08722906559705734
0.08722906559705734
-0.04946320131421089
-0.2013155221939087
-0.051040347665548325
-0.04946320131421089
0.08880621194839478
-0.2013484090566635
-0.2013155221939087
-0.1970672905445099
-0.0742434561252594
-0.07852466404438019
-0.2013155221939087
-0.2013155221939087
-0.04946320131421089
-0.2013484090566635
-0.08672129362821579
-0.2013484090566635
-0.08672129362821579
-0.04946320131421089
0.13787144422531128
-0.0742434561252594
-0.0742434561252594
0.05325508490204811
-0.0742434561252594
0.08880621194839478
0.08880621194839478
-0.0742434561252594
0.05167793855071068
-0.0742434561252594
-0.07852466404438019
-0.4293549358844757
-0.04946320131421089
-0.04946320131421089
-0.04946320131421089
-0.07852466404438019
-0.2013155221939087
-0.04946320131421089
-0.0742434561252594
-0.07852466404438019
-0.4293549358844757
-0.07852466404438019
-0.4293549358844757
-0.4293549358844757
-0.0742434561252594
-0.0742434561252594
-0.2013484090566635
-0.0742434561252594
-0.2013484090566635
0.47572970390319824
-0.1970672905445099
-0.1141381561756134
0.20216424763202667
0.05325508490204811
-0.2013155221939087
-0.2013484090566635
0.05325508490204811
-0.0742434561252594
-0.2013484090566635
-0.20383422076702118
0.08880621194839478
-0.07852466404438019
0.05325508490204811
-0.4964219033718109
-0.1970672905445099
-0.2013155221939087
0.05325508490204811
-0.4293549358844757
-0.0742434561252594
-0.4293549358844757
-0.07852466404438019
-0.3880472481250763
0.05325508490204811
-0.502983570098877
-0.0742434561252594
0.05325508490204811
-0.08672129362821579
-0.07852466404438019
-0.07852466404438019
-0.2249053567647934
-0.2013155221939087
-0.2013484090566635
-0.2013484090566635
-0.2013484090566635
-0.0742434561252594
-0.20383422076702118
-0.07852466404438019
-0.07374251633882523
0.08880621194839478
-0.08101047575473785
-0.4262608587741852
-0.07852466404438019
0.05325508490204811
-0.04946320131421089
-0.3447166681289673
-0.2787681221961975
-0.3936305344104767
-0.42132502794265747
-0.469745010137558
-0.0742434561252594
-0.39507314562797546
-0.25701841711997986
-0.2013155221939087
-0.07852466404438019
0.04713787883520126
-0.20383422076702118
-0.45343807339668274
-0.321315199136734
-0.07852466404438019
-0.2013155221939087
-0.31500551104545593
0.05325508490204811
-0.20383422076702118
-0.20380133390426636
-0.1213679239153862
-0.3628303110599518
-0.304643839597702
-0.20380133390426636
-0.32429489493370056
-0.5725448727607727
-0.3798094093799591
-0.07374251633882523
-0.37686261534690857
-0.37682971358299255
-0.32095077633857727
-0.3726988732814789
-0.36084187030792236
-0.3798423111438751
-0.1965734362602234
-0.469745010137558
-0.3628303110599518
-0.20380133390426636
-0.4183448255062103
-0.4183448255062103
-0.5725448727607727
-0.49866876006126404
-0.4957551956176758
-0.07672926783561707
-0.2787681221961975
0.08880621194839478
-0.5562378764152527
-0.3798423111438751
-0.20383422076702118
-0.5562378764152527
-0.2380509227514267
0.04713787883520126
-0.5562378764152527
-0.36084187030792236
-0.43450331687927246
-0.3578951060771942
-0.08920710533857346
-0.3993772864341736
-0.5562378764152527
-0.20383422076702118
-0.20383422076702118
-0.3271913528442383
-0.3578951060771942
-0.4957551956176758
-0.32715848088264465
-0.20380133390426636
-0.3578951060771942
-0.20380133390426636
-0.3994101285934448
-0.01696956716477871
-0.4797011613845825
-0.20383422076702118
-0.19955311715602875
-0.5212162137031555
-0.20380133390426636
-0.20380133390426636
-0.4160184860229492
-0.5563094615936279
-0.20380133390426636
-0.5372703075408936
-0.5212162137031555
-0.4320725202560425
-0.5372703075408936
-0.5372703075408936
-0.3271913528442383
-0.5212162137031555
-0.5212162137031555
-0.5212162137031555
-0.45928889513015747
-0.45928889513015747
-0.45928889513015747
-0.45928889513015747
-0.45928889513015747
0.25090292096138
0.5556602478027344
-0.2013484090566635
0.5999431610107422
0.5999431610107422
0.5999431610107422
0.5999431610107422
0.08880621194839478
-0.2013484090566635
0.6302981376647949
-0.04946320131421089
-0.17228703200817108
0.21120238304138184
0.6034701466560364
-0.2013484090566635
0.03210398182272911
-0.2013155221939087
0.247375950217247
-0.2013484090566635
0.08880621194839478
0.08880621194839478
-0.21064622700214386
-0.04946320131421089
-0.061941031366586685
-0.04946320131421089
0.7545114755630493
-0.04946320131421089
-0.2013484090566635
0.25886639952659607
-0.2013484090566635
0.20216424763202667
-0.0742434561252594
0.03210398182272911
-0.061941031366586685
-0.08101047575473785
-0.04946320131421089
-0.04946320131421089
-0.04946320131421089
-0.04946320131421089
-0.21064622700214386
-0.20383422076702118
-0.07852466404438019
-0.07802372425794601
-0.17228703200817108
-0.21061334013938904
0.08722906559705734
-0.17228703200817108
-0.20380133390426636
-0.061941031366586685
0.06726225465536118
-0.08782236278057098
-0.08101047575473785
-0.0742434561252594
-0.08732143044471741
0.05325508490204811
-0.21064622700214386
-0.08732143044471741
0.06402596086263657
-0.04946320131421089
-0.08732143044471741
0.032294776290655136
-0.46205008029937744
-0.0742434561252594
-0.08732143044471741
-0.20383422076702118
-0.17228703200817108
-0.07852466404438019
0.16584239900112152
-0.42522409558296204
-0.21313203871250153
-0.30656394362449646
-0.30240023136138916
-0.20383422076702118
-0.30488601326942444
-0.20896831154823303
-0.21313203871250153
-0.20896831154823303
0.4834311008453369
-0.4318407475948334
-0.20380133390426636
0.16534146666526794
0.08268899470567703
-0.27463728189468384
-0.2733253836631775
-0.2787681221961975
-0.14882665872573853
-0.20383422076702118
-0.3976859450340271
-0.20896831154823303
-0.27463728189468384
0.17000612616539001
0.08646165579557419
-0.09514901041984558
-0.2130991518497467
-0.5433416962623596
0.044195543974637985
0.09062539041042328
0.3159193992614746
-0.5697337985038757
-0.27463728189468384
-0.012543931603431702
0.057908765971660614
-0.3976859450340271
-0.27463728189468384
-0.27463728189468384
-0.19955311715602875
-0.27463728189468384
-0.31146326661109924
-0.07374251633882523
-0.27463728189468384
-0.2937495708465576
-0.4166611135005951
-0.20383422076702118
-0.08101047575473785
-0.27880099415779114
-0.4808763563632965
-0.20383422076702118
-0.3798350393772125
0.3159193992614746
-0.12500016391277313
-0.4166611135005951
-0.37567856907844543
-0.27463728189468384
0.3159193992614746
-0.27463728189468384
-0.5177024602890015
-0.20383422076702118
-0.20383422076702118
-0.4808763563632965
-0.27880099415779114
-0.27880099415779114
-0.27880099415779114
-0.2937495708465576
-0.2787681221961975
-0.2787681221961975
0.09591712802648544
0.09591712802648544
-0.3798094093799591
0.09591712802648544
-0.17477287352085114
-0.17477287352085114
-0.17477287352085114
-0.17477287352085114
-0.17477287352085114
-0.08990701287984848
-0.20383422076702118
-0.39645054936408997
-0.20383422076702118
-0.46190881729125977
-0.20383422076702118
-0.5355374217033386
-0.43197154998779297
-0.43197154998779297
-0.45928889513015747
-0.45928889513015747
-0.45928889513015747
-0.45928889513015747
-0.45928889513015747
